-60
-60
-56
-56
-58
-59
-71
-71
-61
-60
-55
-55
-53
-53
-77
-77
-62
-74
-74
-56
-58
-58
-55
-55
-64
-65
-54
-54
-54
-54
-66
-66
-56
-56
-54
-54
-54
-54
-54
-54
-66
-66
-54
-54
-67
-67
-54
-54
-56
-56
-54
-54
-65
-57
-56
-56
-56
-54
-54
-65
-65
-57
-57
-54
-55
-56
-56
-55
-55
-64
-64
-55
-55
-63
-63
-57
-57
-55
-64
-54
-54
-63
-63
-55
-54
-54
-63
-63
-65
-64
-65
-55
-55
-54
-54
-63
-63
-55
-55
-54
-54
-55
-55
-62
-63
-55
-55
-54
-54
-62
-56
-56
-54
-54
-55
-55
-53
-53
-62
-63
-53
-54
-55
-55
-54
-54
-56
-56
-62
-62
-55
-55
-55
-55
-62
-62
-54
-54
-58
-58
-52
-52
-49
-65
-65
-48
-48
-60
-58
-58
-49
-51
-58
-58
-60
-60
-49
-50
-58
-58
-57
-57
-56
-56
-53
-53
-59
-59
-61
-62
-53
-53
-53
-53
-57
-57
-53
-53
-58
-58
-61
-61
-53
-53
-57
-57
-62
-62
-53
-53
-61
-61
-53
-53
-53
-54
-53
-57
-57
-61
-61
-54
-54
-53
-53
-56
-56
-63
-63
-62
-62
-61
-62
-57
-58
-53
-53
-56
-56
-63
-63
-54
-54
-63
-63
-53
-53
-57
-57
-62
-62
-53
-53
-59
-59
-62
-62
-53
-53
-60
-60
-53
-57
-58
-53
-53
-57
-57
-60
-54
-54
-56
-56
-59
-59
-54
-54
-74
-73
-54
-54
-56
-56
-62
-62
-64
-64
-64
-64
-61
-61
-52
-52
-61
-61
-63
-63
-64
-64
-72
-62
-66
-65
-53
-53
-73
-73
-53
-53
-58
-53
-61
-59
-59
-56
-56
-56
-59
-59
-56
-56
-62
-62
-50
-57
-57
-53
-53
-59
-59
-58
-58
-61
-61
-65
-65
-54
-54
-54
-54
-58
-58
-57
-57
-56
-56
-61
-58
-57
-58
-56
-57
-59
-59
-61
-55
-55
-55
-55
-61
-61
-61
-61
-61
-61
-52
-52
-59
-59
-62
-62
-55
-55
-59
-59
-58
-58
-59
-59
-61
-57
-57
-56
-57
-53
-54
-55
-60
-60
-56
-56
-53
-53
-54
-54
-55
-55
-59
-59
-53
-53
-61
-61
-63
-63
-53
-53
-61
-61
-56
-56
-56
-56
-61
-61
-60
-60
-60
-60
-55
-59
-59
-54
-54
-55
-55
-55
-55
-63
-63
-55
-55
-55
-60
-60
-62
-55
-55
-55
-55
-55
-55
-56
-56
-56
-56
-55
-55
-55
-55
-59
-59
-57
-55
-58
-58
-58
-58
-56
-56
-57
-59
-59
-58
-58
-58
-58
-59
-59
-56
-56
-62
-56
-56
-61
-61
-56
-56
-58
-58
-56
-56
-56
-56
-60
-59
-59
-56
-56
-60
-60
-57
-57
-56
-56
-56
-56
-57
-57
-60
-60
-61
-61
-56
-61
-61
-60
-59
-59
-60
-60
-55
-63
-63
-61
-61
-57
-57
-60
-60
-58
-58
-55
-55
-60
-60
-56
-55
-58
-58
-60
-60
-61
-55
-55
-59
-59
-61
-61
-58
-58
-58
-58
-57
-58
-55
-55
-62
-62
-58
-58
-54
-54
-58
-58
-55
-56
-54
-54
-52
-51
-60
-60
-51
-51
-60
-60
-57
-57
-57
-57
-51
-51
-58
-57
-58
-58
-58
-52
-52
-52
-52
-62
-62
-58
-58
-57
-52
-52
-58
-58
-62
-58
-58
-62
-62
-51
-51
-59
-59
-61
-62
-58
-58
-51
-51
-60
-60
-62
-62
-51
-51
-58
-58
-63
-63
-63
-58
-58
-51
-51
-59
-59
-50
-50
-51
-51
-63
-63
-62
-60
-60
-59
-59
-50
-51
-51
-59
-59
-51
-51
-63
-63
-62
-63
-62
-58
-58
-51
-51
-61
-61
-58
-58
-51
-51
-62
-62
-58
-58
-60
-60
-51
-51
-62
-62
-59
-59
-63
-63
-58
-59
-58
-58
-51
-62
-62
-62
-62
-50
-50
-63
-63
-51
-51
-50
-50
-64
-64
-51
-51
-53
-53
-59
-63
-63
-62
-62
-66
-66
-52
-52
-63
-63
-60
-60
-65
-65
-59
-59
-75
-75
-67
-67
-51
-51
-68
-67
-59
-59
-68
-68
-60
-59
-53
-53
-67
-67
-59
-60
-52
-52
-59
-60
-52
-52
-67
-67
-59
-59
-53
-53
-53
-53
-59
-59
-53
-53
-68
-68
-53
-53
-53
-53
-53
-53
-61
-62
-53
-53
-61
-61
-61
-61
-61
-60
-61
-60
-53
-53
-61
-61
-53
-53
-62
-62
-61
-61
-61
-61
-53
-61
-62
-61
-61
-53
-53
-63
-63
-61
-61
-55
-54
-54
-55
-54
-62
-62
-60
-60
-55
-55
-62
-61
-55
-62
-61
-61
-61
-61
-61
-61
-62
-62
-59
-59
-62
-60
-60
-53
-53
-58
-54
-54
-56
-55
-73
-73
-67
-67
-60
-60
-72
-51
-51
-56
-56
-70
-70
-51
-51
-61
-61
-66
-60
-60
-57
-57
-58
-57
-57
-57
-57
-57
-56
-56
-59
-59
-49
-56
-56
-57
-57
-57
-57
-59
-59
-62
-57
-57
-56
-57
-60
-60
-59
-59
-62
-62
-57
-56
-57
-57
-59
-59
-54
-54
-60
-60
-56
-56
-55
-55
-56
-56
-56
-56
-54
-54
-57
-57
-55
-55
-60
-60
-54
-54
-59
-59
-54
-55
-55
-55
-55
-55
-59
-59
-55
-56
-56
-55
-55
-57
-57
-55
-55
-55
-55
-57
-57
-58
-57
-56
-55
-54
-55
-55
-55
-57
-57
-56
-56
-56
-55
-57
-57
-56
-55
-54
-54
-58
-57
-57
-57
-54
-54
-56
-57
-53
-53
-56
-56
-56
-56
-57
-57
-54
-54
-56
-56
-56
-56
-55
-55
-55
-55
-56
-56
-54
-55
-55
-55
-55
-55
-55
-55
-54
-54
-54
-54
-55
-55
-54
-54
-55
-55
-54
-54
-55
-55
-55
-55
-55
-55
-55
-55
-55
-55
-55
-55
-55
-55
-55
-55
-55
-55
-55
-55
-55
-54
-54
-56
-56
-54
-54
-53
-53
-58
-57
-57
-57
-54
-54
-60
-60
-58
-58
-51
-51
-56
-56
-56
-56
-54
-54
-53
-53
-63
-63
-68
-68
-63
-63
-63
-63
-69
-65
-55
-55
-55
-55
-63
-64
-55
-55
-64
-67
-64
-64
-66
-66
-56
-56
-55
-55
-64
-63
-68
-68
-55
-55
-64
-64
-55
-55
-70
-62
-62
-66
-67
-66
-66
-60
-61
-65
-65
-57
-57
-59
-59
-56
-56
-60
-60
-67
-67
-56
-56
-59
-59
-67
-67
-55
-55
-68
-68
-60
-60
-66
-66
-59
-59
-59
-58
-66
-66
-67
-56
-56
-60
-60
-63
-63
-55
-55
-61
-61
-73
-73
-56
-56
-60
-60
-53
-53
-59
-59
-58
-58
-58
-60
-60
-61
-61
-54
-54
-51
-51
-59
-59
-60
-60
-59
-59
-53
-53
