-56
-56
-57
-57
-53
-53
-64
-63
-54
-54
-55
-55
-63
-63
-54
-53
-53
-66
-66
-53
-54
-53
-53
-53
-53
-54
-54
-54
-54
-54
-53
-54
-52
-63
-63
-54
-54
-53
-53
-55
-55
-53
-53
-54
-54
-62
-62
-61
-64
-62
-53
-53
-56
-56
-54
-54
-62
-62
-55
-53
-55
-62
-62
-53
-53
-55
-55
-52
-52
-62
-62
-58
-57
-52
-52
-60
-60
-61
-61
-58
-54
-54
-56
-56
-63
-63
-54
-54
-56
-56
-63
-63
-53
-53
-63
-64
-56
-56
-57
-57
-63
-62
-62
-56
-56
-70
-70
-55
-55
-57
-57
-63
-63
-53
-53
-50
-50
-53
-58
-58
-61
-58
-58
-58
-58
-61
-61
-60
-60
-58
-58
-60
-60
-61
-61
-59
-59
-61
-61
-59
-59
-59
-59
-64
-63
-61
-61
-63
-63
-65
-65
-65
-65
-61
-61
-65
-61
-61
-65
-65
-68
-68
-62
-62
-67
-67
-57
-57
-57
-57
-64
-64
-59
-60
-59
-65
-65
-66
-65
-62
-62
-66
-60
-61
-61
-61
-65
-65
-54
-54
-60
-60
-52
-52
-54
-54
-55
-56
-52
-53
-51
-49
-49
-60
-60
-71
-71
-59
-71
-72
-69
-59
-59
-54
-54
-63
-63
-62
-54
-54
-58
-59
-57
-57
-59
-59
-53
-53
-51
-57
-57
-61
-62
-68
-68
-68
-68
-58
-58
-56
-56
-65
-65
-56
-56
-46
-46
-76
-76
-62
-63
-60
-60
-57
-57
-57
-57
-58
-59
-57
-57
-71
-71
-59
-59
-59
-59
-65
-65
-73
-58
-58
-71
-73
-60
-59
-75
-74
-58
-58
-57
-57
-58
-58
-58
-63
-55
-55
-75
-75
-58
-58
-65
-65
-59
-59
-59
-59
-60
-60
-57
-57
-57
-57
-60
-60
-59
-59
-62
-62
-60
-60
-62
-62
-58
-62
-62
-57
-57
-72
-74
-57
-57
-53
-53
-73
-73
-59
-60
-52
-52
-53
-53
-59
-69
-69
-59
-59
-60
-61
-59
-59
-67
-67
-53
-53
-60
-52
-52
-60
-60
-55
-56
-60
-60
-55
-55
-67
-67
-76
-74
-62
-54
-54
-71
-71
-72
-71
-61
-61
-53
-54
-74
-73
-60
-60
-60
-61
-60
-60
-69
-69
-60
-60
-60
-60
-54
-54
-68
-69
-59
-59
-54
-54
-65
-65
-60
-60
-54
-54
-59
-54
-54
-68
-68
-60
-59
-59
-59
-53
-53
-53
-53
-53
-59
-59
-54
-54
-71
-71
-59
-59
-77
-57
-56
-55
-55
-58
-69
-54
-62
-62
-57
-58
-58
-62
-62
-63
-62
-60
-60
-63
-63
-61
-60
-60
-67
-57
-56
-60
-60
-55
-59
-59
-73
-72
-59
-55
-55
-61
-61
-72
-72
-78
-79
-61
-61
-70
-55
-60
-60
-56
-56
-61
-55
-55
-75
-75
-59
-59
-55
-55
-56
-56
-56
-56
-56
-56
-61
-75
-76
-56
-56
-60
-59
-56
-56
-70
-70
-54
-54
-78
-77
-57
-57
-56
-56
-63
-63
-60
-60
-75
-75
-73
-73
-57
-61
-62
-56
-58
-58
-60
-60
-56
-56
-58
-56
-56
-58
-58
-56
-56
-59
-59
-58
-58
-55
-55
-75
-75
-63
-60
-60
-61
-61
-61
-61
-74
-74
-75
-75
-58
-57
-55
-55
-57
-57
-53
-53
-58
-58
-58
-58
-61
-61
-54
-53
-67
-67
-54
-54
-70
-70
-58
-57
-53
-53
-72
-72
-62
-62
-65
-61
-61
-67
-71
-52
-52
-56
-56
-60
-59
-59
-54
-55
-53
-53
-61
-61
-52
-53
-60
-53
-54
-54
-60
-60
-54
-54
-53
-53
-61
-61
-54
-54
-54
-54
-54
-55
-55
-65
-65
-55
-62
-62
-54
-54
-55
-55
-52
-54
-54
-62
-62
-62
-62
-53
-53
-53
-53
-53
-62
-62
-53
-53
-52
-52
-53
-53
-58
-58
-54
-54
-68
-68
-52
-52
-53
-53
-53
-59
-53
-53
-60
-61
-52
-53
-53
-52
-52
-52
-52
-60
-60
-53
-52
-52
-52
-52
-60
-61
-60
-52
-52
-52
-52
-53
-53
-60
-60
-53
-53
-53
-53
-58
-58
-53
-59
-59
-53
-53
-53
-54
-54
-54
-54
-54
-54
-61
-61
-54
-54
-54
-54
-60
-60
-54
-54
-54
-54
-54
-55
-54
-54
-54
-54
-55
-55
-63
-63
-63
-63
-56
-56
-70
-70
-68
-60
-59
-59
-58
-51
-51
-56
-55
-57
-57
-51
-51
-55
-58
-58
-64
-60
-60
-61
-55
-55
-58
-58
-63
-63
-64
-64
-53
-53
-58
-58
-53
-60
-60
-59
-59
-58
-58
-53
-53
-59
-61
-59
-59
-56
-56
-58
-51
-51
-55
-55
-59
-59
-53
-53
-54
-54
-60
-59
-51
-51
-54
-54
-52
-51
-50
-50
-54
-54
-55
-55
-52
-52
-55
-55
-55
-55
-59
-58
-58
-54
-54
-52
-51
-56
-55
-57
-52
-52
-58
-57
-57
-57
-54
-54
-54
-54
-54
-54
-53
-53
-59
-59
-53
-53
-57
-54
-54
-56
-56
-52
-52
-52
-56
-56
-52
-52
-56
-56
-52
-56
-56
-60
-60
-54
-55
-64
-65
-56
-56
-54
-54
-61
-62
-56
-56
-52
-52
-54
-54
-54
-53
-55
-55
-53
-53
