-55
-55
-59
-51
-51
-61
-54
-54
-55
-55
-56
-56
-60
-60
-54
-54
-55
-60
-60
-53
-53
-55
-55
-57
-58
-55
-55
-57
-57
-53
-53
-54
-55
-55
-53
-54
-57
-57
-54
-53
-53
-53
-55
-55
-59
-53
-57
-57
-57
-53
-53
-58
-56
-56
-54
-54
-57
-58
-58
-58
-59
-57
-56
-54
-54
-55
-55
-55
-55
-53
-55
-56
-60
-60
-56
-56
-56
-56
-56
-56
-56
-55
-55
-60
-60
-57
-52
-52
-59
-59
-59
-60
-53
-53
-57
-58
-52
-53
-52
-52
-57
-60
-60
-53
-53
-58
-58
-53
-53
-53
-53
-53
-53
-58
-58
-58
-57
-54
-54
-59
-54
-54
-59
-59
-54
-54
-57
-59
-59
-59
-57
-57
-59
-59
-57
-57
-55
-55
-57
-58
-55
-55
-58
-57
-57
-55
-55
-58
-58
-60
-60
-54
-55
-57
-57
-50
-50
-59
-59
-65
-65
-53
-53
-52
-52
-57
-57
-63
-63
-64
-64
-53
-53
-53
-52
-53
-57
-57
-56
-56
-65
-65
-64
-64
-52
-52
-60
-59
-62
-62
-57
-57
-66
-67
-67
-54
-54
-56
-56
-52
-52
-56
-56
-52
-51
-58
-53
-53
-52
-52
-56
-56
-52
-52
-56
-55
-53
-53
-57
-58
-68
-68
-56
-56
-63
-63
-56
-58
-65
-65
-65
-65
-58
-58
-64
-55
-55
-58
-58
-54
-54
-55
-55
-55
-56
-56
-56
-60
-60
-58
-54
-54
-55
-54
-58
-58
-56
-56
-57
-57
-58
-58
-55
-55
-57
-57
-66
-66
-53
-55
-55
-55
-54
-56
-55
-55
-56
-56
-57
-57
-66
-66
-63
-63
-59
-59
-58
-58
-52
-56
-54
-54
-62
-61
-56
-56
-64
-61
-61
-57
-57
-58
-58
-66
-65
-58
-59
-57
-57
-56
-56
-57
-57
-57
-57
-59
-59
-58
-57
-61
-63
-63
-55
-55
-59
-59
-59
-59
-63
-63
-48
-59
-55
-55
-58
-58
-59
-59
-59
-59
-54
-54
-62
-62
-53
-53
-64
-64
-65
-53
-53
-57
-58
-64
-64
-54
-54
-68
-68
-63
-63
-60
-59
-53
-53
-66
-66
-72
-72
-53
-53
-52
-53
-65
-54
-54
-64
-64
-55
-55
-57
-57
-53
-53
-55
-54
-54
-55
-55
-58
-64
-64
-58
-58
-56
-56
-55
-55
-54
-55
-56
-56
-54
-54
-57
-57
-65
-65
-69
-70
-55
-55
-71
-71
-56
-56
-69
-69
-54
-54
-55
-55
-74
-74
-56
-56
-68
-68
-54
-55
-56
-56
-54
-54
-55
-54
-66
-66
-55
-55
-55
-56
-55
-55
-56
-56
-66
-66
-55
-55
-56
-56
-56
-55
-56
-56
-55
-54
-54
-55
-55
-54
-54
-67
-67
-55
-53
-55
-55
-67
-67
-53
-53
-65
-60
-59
-55
-55
-66
-66
-55
-55
-67
-68
-66
-66
-70
-71
-71
-71
-57
-56
-56
-56
-59
-59
-57
-66
-65
-65
-61
-61
-55
-55
-59
-59
-61
-61
-54
-54
-58
-58
-55
-55
-62
-62
-58
-58
-60
-60
-57
-57
-60
-60
-57
-58
-58
-61
-61
-57
-57
-60
-60
-60
-60
-56
-56
-56
-56
-54
-54
-72
-55
-56
-68
-68
-58
-56
-56
-57
-57
-57
-57
-60
-60
-56
-55
-55
-60
-59
-51
-51
-50
-50
-62
-62
-52
-52
-50
-50
-59
-59
-50
-50
-60
-60
-57
-57
-66
-66
-54
-54
-49
-49
-52
-52
-66
-66
-65
-65
-58
-65
-65
-57
-57
-54
-65
-65
-65
-65
-58
-58
-54
-54
-69
-69
-57
-57
-54
-68
-68
-57
-57
-54
-55
-58
-58
-54
-66
-57
-54
-54
-72
-72
-72
-57
-57
-54
-55
-57
-57
-54
-54
-70
-57
-57
-67
-54
-55
-66
-55
-55
-52
-53
-72
-72
-55
-55
-53
-53
-53
-53
-80
-80
-55
-54
-61
-62
-54
-54
-53
-53
-55
-60
-60
-55
-55
-57
-53
-53
-53
-66
-66
-55
-55
-57
-57
-65
-67
-65
-56
-56
-57
-57
-67
-57
-57
-68
-68
-55
-55
-54
-54
-55
-72
-55
-55
-57
-57
-58
-58
-68
-68
-59
-59
-57
-57
-61
-61
-52
-52
-66
-66
-56
-56
-57
-57
-56
-56
-57
-57
-56
-56
-57
-57
-67
-67
-66
-66
-56
-56
-62
-62
-67
-68
-59
-59
-69
-68
-68
-58
-55
-55
-54
-54
-65
-65
-57
-57
-57
-57
-68
-68
-58
-58
-55
-55
-68
-68
-66
-66
-58
-58
-54
-54
-70
-69
-59
-58
-68
-68
-58
-58
-58
-58
-68
-68
-58
-58
-54
-59
-59
-57
-57
-69
-70
-65
-57
-54
-54
-54
-54
-56
-56
-55
-55
-56
-56
-56
-56
-66
-55
-55
-57
-57
-57
-57
-55
-56
-68
-68
-56
-56
-57
-57
-58
-58
-56
-56
-56
-56
-56
-56
-68
-56
-56
-57
-66
-66
-66
-57
-57
-58
-58
-56
-56
-57
-57
-56
-56
-68
-68
-56
-56
-58
-68
-67
-57
-57
-74
-68
-68
-58
-58
-72
-72
-56
-56
-58
-59
-69
-69
-56
-56
-69
-69
-56
-73
-72
-56
-56
-72
-74
-56
-56
-56
-56
-58
-58
-70
-70
-60
-60
-59
-61
-61
-58
-58
-56
-48
-49
-56
-56
-48
-48
-49
-49
-56
-56
-47
-47
-58
-58
-57
-58
-58
-52
-52
-59
-58
-53
-53
-58
-59
-55
-55
-65
-65
-57
-57
-57
-57
-52
-52
-57
-57
-51
-51
-49
-49
-52
-50
-50
-52
-52
-50
-50
-51
-52
-52
-51
-52
-53
-58
-58
-51
-52
-52
-52
-58
-58
-50
-50
-52
-52
-51
-71
-50
-50
-51
-51
-57
-57
-51
-50
-51
-51
-52
-53
-57
-56
-56
-52
-52
-57
-57
-60
-59
-59
-59
-52
-52
-58
-56
-56
-58
-58
-52
-56
-56
-51
-51
-47
-53
-53
-52
-51
-52
-69
-69
-58
-56
-58
-58
-58
-54
-54
-66
-69
-66
-55
-53
-52
-67
-67
-52
-52
-56
-56
-55
-54
-64
-63
-53
-53
-52
-52
-53
-53
-49
-49
-55
-54
-53
-53
-67
-66
-48
-48
-64
-52
-48
-49
-63
-63
-53
-53
-58
-52
-52
-49
-49
-58
-59
-54
-54
-60
-60
-53
-50
-50
-63
-64
-50
-50
-50
-49
-52
-52
-64
-64
-52
-52
-51
-51
-52
-52
-63
-65
-65
-53
-53
-50
-50
-50
-50
-62
-62
-48
-48
-50
-49
-63
-63
-53
-53
-49
-49
-50
-50
-63
-64
-51
-50
-63
-62
-64
-64
-51
-51
-49
-53
-53
-63
-63
-49
-49
-52
-52
-60
-60
-49
-49
-52
-52
-62
-62
-52
-52
-49
-49
-61
-61
-50
-50
-51
-50
-50
-60
-61
-60
-64
-64
-55
-54
-50
-50
-49
-49
-50
-50
-53
-49
-49
-64
-63
-53
-53
-52
-52
-51
-51
-49
-49
-65
-65
-53
-51
-53
-50
-49
-63
-63
-53
-53
-52
-52
-50
-50
-52
-52
-51
-51
-52
-62
-62
-50
-49
-52
-52
-51
-51
-52
-52
-64
-64
-51
-51
-51
-52
-53
-53
-48
-49
-49
-51
-51
-50
-50
-54
-54
-69
-68
-56
-56
-64
-53
-52
-52
-50
-50
-64
-51
-63
-63
-52
-52
-53
-53
-50
-50
-64
-64
-53
-53
-50
-50
-65
-65
-53
-53
-53
-53
-50
-50
-50
-50
-75
-73
-51
-51
-60
-48
-48
-61
-61
-48
-52
-52
-59
-59
-60
-49
-49
-61
-56
-48
-48
-63
-63
-48
-48
-62
-48
-48
-55
-55
-48
-48
-55
-55
-61
-62
-63
-63
-49
-49
-63
-63
-53
-53
-49
-49
-54
-54
-49
-47
-65
-65
-50
-50
-66
-66
-55
-55
-49
-49
-66
-66
-54
-54
-55
-55
-65
-65
-51
-51
-63
-54
-54
-54
-54
-55
-55
-59
-59
-62
-62
-55
-55
-47
-47
-47
-47
-56
-56
-59
-59
-50
-51
-63
-60
-60
-57
-58
-51
-50
-57
-57
-63
-63
-51
-51
-61
-54
-54
-55
-55
-62
-61
-57
-53
-53
-60
-55
-55
-59
-50
-51
-58
-58
-59
-60
-60
-60
-57
-57
-57
-57
-57
-57
-60
-60
-53
-53
-56
-56
-50
-50
-57
-57
-59
-60
-49
-49
-53
-53
-61
-61
-61
-61
-61
-49
-49
-54
-54
-54
-54
-50
-50
-55
-55
-65
-65
-64
-49
-49
-53
-53
-50
-50
-57
-57
-62
-60
-60
-56
-56
-53
-53
-59
-50
-65
-65
-54
-56
-51
-55
-55
-59
-59
-57
-57
-62
-61
-64
-64
-55
-55
-58
-58
-56
-58
-57
-57
-58
-58
-56
-58
-58
-62
-57
-58
-59
-59
-59
-59
-58
-57
-59
-56
-59
-59
-63
-63
-58
-58
-59
-59
-59
-59
-59
-59
-60
-58
-62
-62
-62
-60
-60
-60
-60
-59
-60
-58
-58
-59
-59
-59
-59
