-57
-57
-62
-55
-55
-57
-51
-51
-55
-61
-61
-51
-51
-55
-56
-56
-55
-56
-56
-56
-57
-57
-55
-55
-56
-56
-64
-64
-60
-60
-62
-63
-60
-60
-60
-60
-60
-60
-57
-58
-55
-55
-53
-53
-59
-60
-60
-59
-59
-58
-54
-54
-62
-62
-60
-61
-64
-64
-66
-53
-53
-63
-63
-63
-63
-53
-53
-54
-54
-60
-60
-55
-61
-60
-60
-54
-54
-62
-62
-65
-65
-53
-53
-61
-65
-65
-54
-54
-53
-53
-54
-54
-65
-65
-56
-56
-55
-59
-60
-55
-55
-64
-58
-58
-60
-60
-65
-52
-57
-57
-55
-55
-58
-58
-56
-56
-57
-57
-60
-60
-60
-60
-60
-60
-61
-61
-60
-62
-60
-58
-58
-59
-59
-61
-61
-63
-60
-60
-61
-63
-61
-59
-60
-57
-57
-61
-61
-57
-57
-61
-61
-66
-53
-53
-63
-66
-59
-63
-63
-63
-63
-63
-63
-61
-60
-69
-55
-68
-68
-57
-57
-62
-62
-62
-62
-62
-59
-60
-59
-66
-66
-61
-61
-61
-61
-64
-64
-56
-56
-61
-62
-49
-50
-60
-60
-50
-50
-50
-50
-51
-63
-62
-55
-60
-60
-53
-53
-60
-60
-60
-60
-54
-53
-62
-61
-61
-51
-52
-60
-60
-61
-61
-60
-60
-63
-63
-62
-62
-52
-52
-58
-58
-58
-63
-63
-63
-63
-59
-59
-52
-52
-58
-58
-52
-51
-61
-61
-52
-52
-60
-51
-51
-59
-60
-60
-51
-51
-61
-61
-57
-57
-60
-59
-53
-53
-54
-54
-58
-58
-51
-51
-53
-53
-53
-59
-58
-56
-60
-63
-64
-64
-55
-55
-52
-52
-55
-54
-57
-58
-57
-57
-58
-64
-64
-70
-70
-65
-65
-60
-60
-65
-67
-58
-59
-58
-67
-71
-67
-57
-57
-66
-66
-59
-59
-67
-67
-64
-59
-59
-65
-65
-65
-65
-64
-64
-58
-58
-66
-66
-66
-67
-57
-57
-64
-64
-68
-57
-57
-53
-53
-58
-57
-58
-65
-58
-58
-58
-65
-65
-65
-58
-59
-63
-63
-67
-60
-62
-62
-59
-58
-64
-59
-69
-70
-65
-65
-59
-65
-65
-59
-59
-64
-64
-58
-65
-65
-65
-65
-68
-58
-58
-68
-58
-58
-69
-58
-58
-65
-65
-54
-58
-58
-64
-64
-63
-63
-66
-66
-57
-57
-64
-64
-56
-57
-64
-63
-58
-58
-57
-56
-71
-70
-58
-58
-57
-63
-63
-65
-65
-66
-66
-63
-63
-65
-65
-57
-57
-65
-65
-58
-57
-67
-66
-67
-57
-57
-65
-59
-57
-65
-57
-57
-57
-57
-65
-65
-69
-69
-66
-66
-58
-66
-66
-58
-58
-63
-63
-66
-66
-67
-67
-57
-58
-58
-58
-65
-65
-57
-58
-66
-57
-57
-57
-57
-68
-68
-65
-65
-71
-71
-70
-65
-64
-74
-74
-66
-66
-63
-63
-68
-57
-56
-63
-63
-57
-57
-65
-56
-57
-68
-57
-57
-57
-57
-65
-65
-65
-57
-57
-65
-67
-64
-64
-64
-64
-70
-70
-56
-70
-58
-58
-56
-56
-75
-57
-57
-69
-69
-56
-57
-74
-74
-63
-63
-67
-66
-59
-71
-72
-72
-61
-58
-57
-57
-59
-57
-65
-65
-57
-58
-72
-72
-67
-57
-63
-63
-57
-57
-64
-64
-63
-63
-64
-63
-64
-64
-56
-56
-56
-57
-63
-63
-63
-57
-57
-63
-63
-64
-64
-57
-57
-63
-63
-63
-63
-63
-63
-57
-57
-56
-57
-67
-67
-63
-64
-57
-58
-63
-63
-57
-57
-63
-63
-68
-68
-59
-58
-68
-68
-66
-69
-58
-67
-68
-63
-63
-66
-67
-59
-59
-65
-65
-61
-62
-68
-68
-64
-59
-59
-62
-66
-66
-59
-63
-63
-63
-63
-67
-67
-58
-58
-66
-67
-67
-59
-59
-63
-63
-59
-63
-63
-58
-58
-63
-63
-59
-63
-63
-70
-70
-58
-58
-63
-63
-58
-58
-63
-63
-63
-63
-62
-63
-58
-58
-69
-69
-58
-58
-59
-59
-63
-63
-72
-64
-63
-68
-68
-65
-65
-67
-66
-67
-67
-67
-67
-58
-57
-66
-65
-62
-62
-59
-59
-63
-63
-64
-64
-63
-63
-63
-63
-57
-57
-63
-62
-64
-64
-57
-57
-66
-66
-63
-63
-67
-65
-57
-57
-57
-57
-67
-58
-59
-59
-58
-57
-69
-68
-65
-58
-58
-59
-59
-57
-58
-66
-66
-67
-57
-57
-63
-63
-63
-63
-59
-65
-64
-66
-65
-65
-69
-69
-62
-62
-59
-57
-58
-60
-60
-65
-65
-67
-65
-65
-59
-59
-72
-65
-57
-57
-66
-66
-62
-61
-71
-70
-65
-65
-59
-59
-64
-64
-67
-67
-64
-64
-68
-67
-59
-59
-60
-59
-64
-64
-66
-68
-59
-59
-63
-63
-50
-68
-68
-59
-59
-63
-63
-67
-67
-59
-59
-64
-64
-65
-65
-59
-59
-67
-66
-58
-58
-72
-58
-57
-58
-57
-60
-60
-63
-63
-66
-73
-73
-76
-76
-58
-58
-62
-66
-62
-72
-72
-58
-65
-65
-71
-60
-62
-62
-75
-62
-62
-59
-59
-66
-76
-76
-59
-59
-70
-74
-66
-57
-58
-72
-72
-57
-57
-62
-62
-75
-74
-74
-57
-59
-59
-57
-65
-65
-76
-77
-57
-57
-62
-62
-57
-57
-58
-58
-66
-66
-57
-57
-62
-62
-64
-58
-58
-64
-64
-66
-66
-63
-63
-66
-66
-62
-62
-65
-59
-58
-62
-62
-67
-67
-59
-61
-60
-60
-66
-66
-62
-62
-66
-66
-65
-65
-62
-62
-62
-64
-64
-58
-58
-65
-67
-67
-59
-59
-63
-64
-63
-59
-59
-67
-60
-61
-59
-59
-65
-65
-64
-64
-62
-62
-68
-68
-59
-59
-59
-63
-59
-63
-63
-65
-58
-61
-58
-68
-68
-58
-58
-63
-63
-69
-69
-59
-59
-68
-68
-59
-64
-64
-65
-65
-67
-67
-58
-66
-58
-58
-63
-63
-68
-68
-63
-64
-57
-57
-64
-65
-71
-71
-64
-64
-69
-68
-59
-59
-59
-59
-58
-58
-65
-65
-68
-68
-59
-59
-68
-60
-60
-73
-73
-58
-58
-64
-64
-64
-64
-74
-57
-57
-64
-64
-65
-71
-59
-59
-58
-58
-64
-64
-66
-66
-82
-83
-59
-59
-65
-65
-71
-71
-58
-58
-72
-72
-79
-66
-66
-58
-58
-58
-58
-51
-72
-58
-58
-75
-74
-58
-58
-65
-65
-58
-58
-65
-65
-57
-57
-71
-58
-58
-65
-65
-81
-80
-80
-58
-58
-65
-65
-66
-66
-57
-57
-65
-65
-76
-76
-65
-64
-77
-76
-56
-57
-64
-64
-57
-57
-78
-63
-63
-60
-60
-63
-65
-63
-71
-60
-63
-63
-63
-72
-72
-64
-63
-73
-73
-58
-57
-58
-58
-68
-68
-88
-86
-57
-57
-69
-69
-76
-80
-79
-57
-57
-67
-67
-75
-75
-69
-69
-56
-56
-70
-70
-57
-57
-60
-68
-67
-63
-56
-57
-63
-63
-67
-57
-57
-62
-63
-65
-65
-66
-66
-65
-63
-62
-71
-71
-56
-56
-63
-64
-56
-56
-56
-56
-58
-58
-62
-62
-56
-56
-69
-56
-57
-63
-63
-62
-62
-68
-70
-68
-56
-56
-61
-63
-67
-68
-68
-67
-67
-62
-57
-57
-57
-63
-63
-56
-56
-63
-63
-68
-69
-58
-58
-69
-69
-49
-50
-51
-51
-49
-49
-55
-54
-47
-50
-50
-55
-66
-66
-60
-62
-62
-60
-59
-59
-59
-59
-60
-60
-59
-60
-59
-59
-60
-60
-59
-57
-61
-61
-58
-58
-59
-59
-62
-63
-55
-60
-60
-61
-62
-57
-57
-58
-59
-61
-61
-59
-58
-61
-61
-58
-58
-59
-59
-60
-60
-59
-59
