-57
-57
-58
-56
-56
-51
-51
-56
-58
-57
-62
-62
-55
-55
-50
-50
-53
-56
-56
-52
-52
-48
-48
-57
-57
-66
-57
-56
-55
-55
-56
-56
-57
-57
-54
-54
-55
-51
-52
-55
-55
-55
-55
-53
-53
-56
-56
-53
-54
-53
-56
-57
-56
-56
-53
-53
-57
-56
-53
-53
-57
-57
-58
-58
-57
-57
-59
-60
-56
-56
-55
-56
-59
-59
-56
-56
-56
-57
-57
-54
-55
-54
-55
-55
-55
-55
-57
-56
-52
-52
-53
-54
-52
-52
-55
-55
-55
-55
-51
-51
-53
-53
-54
-54
-54
-54
-51
-51
-54
-53
-53
-51
-51
-54
-54
-56
-56
-51
-51
-54
-55
-52
-52
-53
-53
-51
-54
-54
-48
-48
-53
-53
-51
-51
-59
-51
-51
-54
-55
-47
127
-52
-52
-51
-54
-54
-53
-56
-56
-51
-52
-55
-55
-54
-54
-55
-55
-51
-51
-54
-54
-53
-55
-55
-55
-54
-54
-55
-55
-50
-55
-55
-50
-55
-55
-53
-54
-53
-53
-53
-53
-54
-54
-50
-50
-53
-53
-54
-54
-50
-50
-55
-55
-54
-54
-54
-54
-54
-54
-54
-50
-50
-52
-52
-54
-54
-53
-53
-50
-53
-53
-56
-56
-53
-53
-50
-50
-53
-53
-50
-51
-54
-54
-56
-56
-52
-52
-55
-55
-54
-54
-56
-56
-51
-51
-55
-55
-55
-54
-51
-51
-56
-56
-51
-51
-53
-53
-47
-47
-54
-54
-52
-51
-56
-55
-56
-56
-62
-53
-54
-53
-51
-51
-47
-47
-56
-57
-52
-52
-60
-56
-56
-51
-51
-53
-53
-53
-56
-54
-56
-52
-54
-52
-67
-67
-48
-48
127
127
-54
-54
-48
-52
-52
-49
-49
-47
-61
-61
-46
-57
-57
-62
-62
-47
-46
-49
-49
-59
-56
-56
-57
-57
-46
-46
-56
-56
-57
-57
-50
-50
-57
-61
-62
-58
-58
-54
-54
-55
-56
-56
-55
-54
-53
-53
-57
-56
-53
-53
-56
-56
-56
-56
-53
-53
-54
-54
-51
-51
-53
-53
-55
-55
-54
-54
-60
-60
-56
-55
-55
-54
-54
-54
-54
-60
-57
-58
-58
-58
-58
-58
-58
-57
-58
-59
-58
-57
-57
-57
-56
-57
-57
-56
-57
-57
-60
-60
-58
-58
-57
-57
-59
-59
-57
-57
-60
-60
-62
-62
-58
-57
-57
-57
-58
-59
-61
-61
-59
-59
-59
-59
-55
-64
-64
-59
-55
-55
-58
-58
-58
-59
-59
-57
-57
-59
-58
-58
-58
-60
-60
-60
-60
-57
-57
-57
-56
-56
-56
-61
-56
-56
-61
-61
-49
-49
-55
-56
-54
-54
-51
-51
-54
-54
-54
-53
-48
-48
-63
-52
-52
-47
-54
-54
-54
-54
-58
-58
-53
-53
-61
-53
-53
-55
-53
-53
-53
-61
-54
-47
-54
-53
-53
-58
-58
-61
-48
-58
-61
-61
-54
-47
-54
-55
-55
-60
-59
-52
-55
-55
-55
-53
-53
-62
-62
-47
-56
-56
-53
-53
-61
-60
-56
-48
-48
-54
-54
-62
-62
-55
-56
-49
-48
-54
-54
-52
-52
-62
-62
-48
-48
-55
-56
-53
-55
-56
-56
-55
-55
-54
-54
-53
-53
-53
-53
-54
-53
-53
-53
-48
-53
-57
-56
-65
-52
-48
-55
-55
-55
-57
-56
-61
-61
-61
-61
-55
-55
-54
-54
-51
-51
-55
-55
-56
-56
-55
-55
-55
-55
-55
-55
-54
-54
-54
-55
-55
-55
-55
-55
-57
-55
-55
-53
-53
-54
-54
-54
-54
-55
-55
-53
-53
-54
-54
-52
-54
-54
-54
-54
-52
-52
-57
-57
-56
-57
-54
-53
-51
-51
-54
-52
-52
-54
-53
-54
-54
-51
-54
-54
-52
-52
-54
-54
-51
-51
-54
-54
-54
-54
-52
-52
-54
-54
-54
-54
-51
-51
-54
-54
-52
-52
-55
-55
-55
-54
-54
-52
-52
-55
-55
-54
-54
-54
-54
-51
-51
-54
-54
-52
-52
-54
-54
-48
-48
-56
-55
-55
-55
-54
-54
-56
-60
-47
-55
-55
-52
-56
-60
-60
-51
-51
-54
-54
-55
-55
-54
-54
-55
-54
-52
-52
-56
-56
-55
-54
-54
-69
-69
-56
-56
-71
-72
-57
-57
-56
-56
-53
-54
-53
-53
-58
-58
-56
-61
-61
-55
-55
-55
-55
-58
-58
-56
-56
-52
-53
-58
-58
-58
-57
-67
-67
-55
-55
-55
-50
-54
-64
-55
-55
-55
127
-56
-56
-51
-51
-59
-59
-64
-64
-50
-58
-58
-49
-49
-58
-59
-56
-56
-62
-62
-51
-51
-56
-56
-62
-57
-50
-50
-61
-61
-51
-51
-56
-57
-51
-51
-61
-61
-57
-57
-51
-51
-59
-50
-50
-51
-51
-63
-51
-51
-61
-61
-58
-58
-50
-50
-57
-50
-50
-61
-65
-51
-51
-57
-58
-55
-55
-62
-62
-57
-57
-58
-59
-56
-57
-57
-62
-62
-55
-55
-54
-54
-54
-54
-53
-53
-55
-56
-55
-55
-54
-54
-56
-56
-55
-57
-57
-54
-54
-57
-57
-55
-55
-57
-57
-60
-60
-57
-57
-54
-54
-69
-59
-58
-54
-48
-48
-55
-55
-74
-75
-48
-48
-59
-59
-54
-54
-53
-54
-54
-54
-59
-59
-59
-71
-59
-54
-54
-71
-70
-54
-54
-54
-54
-55
-55
-59
-59
-54
-55
-54
-48
-60
-60
-55
-55
-69
-69
-55
-55
-61
-61
-56
-56
-56
-55
-64
-64
-64
-64
-56
-56
-54
-54
-55
-55
-59
-59
-54
-54
-55
-55
-54
-54
-54
-54
-54
-54
-61
-61
-54
-54
-61
-61
-61
-60
-56
-56
-60
-60
-62
-62
-62
-61
-55
-55
-53
-54
-54
-59
-59
-55
-54
-55
-59
-59
-54
-54
-56
-56
-64
-64
-59
-59
-54
-54
-57
-57
-59
-59
-60
-60
-59
-59
-61
-61
-54
-54
-57
-57
-59
-59
-60
-60
-47
-58
-58
-61
-63
-61
-55
-56
-46
-56
-57
-51
-57
-64
-60
-63
-48
-48
-56
-56
-57
-57
-61
-61
-62
-54
-54
-56
-56
-55
-55
-56
-58
-58
-54
-56
-56
-56
-56
-53
-54
-54
-59
-59
-57
-57
-57
-57
-53
-56
-55
-56
-56
-56
-56
-55
-50
-50
-50
-50
-55
-53
-51
-51
-55
-53
-52
-52
-75
-50
-70
-71
-70
-70
-50
-50
-52
-52
-50
-50
-52
-51
-50
-50
-52
-52
-79
-50
-50
-50
-50
-52
-52
-50
-50
-74
-74
-52
-80
-80
-49
-49
-68
-68
-52
-52
-49
-49
-53
-52
-70
-70
-52
-52
-72
-72
-50
-50
-78
-77
-49
-49
-52
-52
-76
-76
-49
-49
-70
-70
-50
-50
-52
-52
-52
-52
-60
-60
-50
-50
-52
-52
-59
-59
-49
-54
-53
-47
-47
-52
-52
-62
-63
-62
-48
-48
-54
-54
-54
-54
-58
-58
-57
-53
-53
-55
-55
-57
-57
-47
-47
-47
-47
-58
-58
-58
-58
-55
-55
-54
-54
-54
-54
-54
-54
-48
-48
-58
-54
-54
-57
-57
-46
-46
-50
-50
-58
-58
-46
-46
-51
-51
-58
-47
-47
-47
-47
-52
-52
-58
-58
-48
-47
-56
-56
-50
-50
-47
-47
-50
-50
-59
-59
-47
-47
-50
-50
-47
-47
-60
-50
-51
-51
-51
-50
-50
-48
-48
-59
-51
-51
-47
-47
-59
-47
-47
-50
-46
-46
-47
-47
-50
-46
-46
-57
-57
-46
-47
-47
-50
-50
-58
-50
-50
-46
-46
-50
-50
-59
-58
-47
-47
-59
-59
-60
-49
-49
-58
-58
-47
-47
-58
-58
-47
-47
-49
-49
-59
-47
-47
-47
-47
-47
-47
-47
-47
-47
-46
-57
-48
-48
-58
-58
-49
-61
-61
-48
-48
-57
-57
-48
-48
-51
-56
-56
-48
-48
-48
-48
-51
-50
-50
-57
-57
-48
-57
-57
-57
-51
-47
-47
-48
-48
-56
-56
-48
-48
-51
-50
-47
-48
-48
-48
-50
-50
-48
-48
-50
-55
-55
-48
-48
-50
-49
-48
-55
-55
-59
-59
-47
-48
-60
-60
-56
-47
-47
-50
-50
-58
-58
-47
-47
