-57
-60
-60
-57
-57
-54
-54
-62
-57
-55
-63
-55
-63
-57
-57
-59
-58
-61
-61
-59
-67
-66
-66
-51
-72
-66
-66
-52
-61
-61
127
-57
-57
-72
-61
-60
-60
-76
-76
-56
-55
-59
-59
-61
-61
-55
-56
-57
-61
-61
-59
-59
127
-55
-63
-63
-65
-65
-57
-57
-60
-58
-62
-62
-58
-58
-59
-59
-55
-55
-55
-59
-59
-61
-61
-63
-62
-58
-58
-62
-62
-60
-62
-71
-71
-60
-60
-60
-60
-60
-60
-61
-61
-77
-77
-60
-60
-65
-65
-59
-60
-61
-61
-57
-57
-60
-61
-61
-61
-68
-61
-70
-70
-60
-74
-61
-62
-78
-59
-59
-69
-70
-58
-58
-62
-72
-71
-60
-59
-62
-62
-67
-65
-62
-59
-68
-63
-62
-59
-59
-59
-59
-67
-67
-60
-59
-57
-63
-63
-60
-61
-59
-59
-59
-65
-65
127
-60
-63
-59
-64
-64
-66
-65
-63
-63
-63
-55
-63
-58
-60
-66
-66
-59
-59
-62
-62
-58
-62
-61
-60
-60
-60
-59
-59
-57
-65
-65
-58
-57
-55
-60
-60
-58
-58
-65
-59
-58
-56
-58
-58
-60
-64
-58
-58
-61
-64
-58
-59
-61
-63
-59
-58
-60
-60
-60
-59
-63
-59
-59
-65
-58
-58
-59
-59
-59
-60
-59
-59
-60
-65
-59
-59
-64
-58
-60
-60
-60
-60
-60
-60
-59
-59
-58
-58
-58
-60
-65
-66
-59
-59
-59
-59
-65
-65
-59
-63
-60
-58
-59
-65
-58
-58
-58
-58
-58
-58
-58
-58
-60
-60
-58
-61
-70
-57
-57
-60
-61
-61
-64
-64
-62
-62
-65
-57
-57
-66
-60
-57
-57
-59
-56
-57
-63
-63
-58
-58
-62
-65
-58
-58
-63
-63
-60
-57
-57
-62
-64
-64
-57
-57
-61
-57
-57
-63
-63
-55
-55
-65
-65
-61
-61
-56
-56
-67
-61
-62
-58
-58
-67
-64
-64
-59
-59
-70
-70
-63
-59
-58
-64
-63
-63
-60
-60
-60
-60
-70
-62
-81
-81
-64
-64
-62
-63
-63
-57
-59
-64
-64
-58
-58
-60
-60
-58
-58
-59
-59
-57
-57
-64
-64
-59
-59
-58
-60
-59
-59
-61
-58
-58
-58
-58
-60
-60
-53
-57
-54
-57
-59
-59
-58
-58
-69
-55
-62
-62
-59
-58
-53
-60
-60
-57
-57
-58
-58
-58
-58
-63
-63
-52
-52
-60
-55
-52
-52
-59
-52
-52
-66
-66
-61
-62
-54
-62
-62
-64
-64
-57
-57
-54
-54
-60
-60
-61
-64
-61
-58
-58
-54
-54
-61
-61
-58
-58
-60
-60
-60
-60
-60
-60
127
127
-60
-60
-57
-57
-62
-62
-60
-60
-53
-53
-52
-52
-62
-62
-60
-53
-54
-54
-51
-59
-59
-57
-57
-62
-62
-54
-54
-52
-52
-61
-61
-57
-57
-52
-52
-63
-63
-62
-61
-57
-57
-54
-59
-59
-53
-53
-63
-58
-58
-56
-59
-60
-51
-51
-62
-59
-63
-63
-62
-62
-58
-57
-60
-60
-60
-60
-62
-62
-60
-60
-62
-62
-59
-58
-64
-65
-63
-63
-58
-58
-61
-61
-59
-59
-59
-53
-53
-60
-60
-60
-60
-57
-57
-60
-60
-60
-60
-60
-60
-60
-60
-60
-59
-59
-62
-62
-57
-57
-59
-59
-62
-62
-60
-60
-62
-55
-58
-61
-60
-63
-63
-57
-64
-64
-58
-60
-64
-64
-57
-57
-60
-60
-58
-58
-60
-60
-58
-59
-61
-61
-64
-65
-60
-60
-62
-62
-58
-58
-60
-60
-58
-60
-60
-62
-62
-59
-59
-59
-59
-62
-61
-58
-59
-60
-60
-60
-58
-58
-58
-58
-51
-60
-60
-54
-54
-52
-52
-62
-62
-61
-61
-55
-55
-57
-57
-65
-65
-58
-58
-52
-62
-62
-63
-63
-54
-60
-60
-61
-61
-58
-58
-59
-59
-58
-58
-59
-59
-59
-58
-59
-58
-60
-60
-60
-53
-53
-59
-58
-61
-61
-55
-61
-61
-53
-58
-58
-60
-55
-55
-52
-59
-59
-59
-60
-59
-59
-58
-59
-60
-60
-60
-61
-58
-64
-58
-58
-60
-60
-58
-65
-65
-58
-58
-58
-58
-58
-58
-63
-63
-59
-56
-56
-53
-58
-58
-64
-65
-61
-66
-66
-57
-58
-58
-56
-56
-64
-64
-67
-67
-66
-55
-58
-58
-62
-62
-62
-62
-62
-65
-65
-56
-66
-66
-56
-61
-62
-66
-66
-55
-55
-59
-58
-59
-57
-57
-58
-57
-57
-60
-60
-67
-59
-59
-65
-59
-59
-59
-59
-58
-59
-64
-64
-74
-75
-57
-57
-59
-59
-60
-60
-62
-62
-64
-57
-57
-73
-73
-70
-70
-57
-56
-62
-67
-67
-62
-62
-57
-57
-56
-64
-64
-59
-59
-55
-63
-63
-60
-60
-55
-55
-65
-65
-59
-59
-56
-56
-62
-62
-63
-63
-54
-54
-59
-59
-61
-70
-70
-55
-57
-57
-56
-56
-59
-59
-63
-61
-54
-54
-57
-58
-63
-63
-57
-57
-57
-63
-63
127
-53
-57
-57
-59
-59
-64
-63
-54
-63
-56
-66
-66
-60
-59
-56
-56
-58
-58
-53
-56
-56
-56
-58
-59
-59
-54
-54
-56
-56
-54
-56
-56
-59
-60
-59
-61
-60
-69
-69
-54
-54
-58
-58
-59
-59
-68
-68
-55
-56
-56
-61
-65
-66
-59
-59
-57
-57
-56
-54
-62
-62
-60
-56
-56
-59
127
127
-55
-63
-63
-56
-59
-65
-65
-65
-66
-61
-69
-57
-58
-59
-59
-53
-53
-60
-59
-59
-59
-59
-59
-59
-59
-57
-58
-60
-60
-61
-58
-58
-59
-59
-60
-60
-58
-58
-58
-58
-60
-60
-58
-58
-57
-59
-64
-64
-58
-58
-63
-63
-66
-66
-58
-58
-59
-59
-58
-57
-60
-60
-64
-61
-56
-59
-59
-58
-59
-62
-62
-57
-57
-61
-59
-59
-61
-61
-57
-57
-64
-64
-58
-58
-54
-62
-62
-59
-59
-54
-63
-63
-53
-61
-61
-57
-62
-61
-56
-55
-59
-60
-54
-54
-58
-58
-56
-56
-59
-54
-58
-58
-63
-63
-59
-59
-59
-59
-64
-62
-59
-59
-59
-59
-64
-65
-58
-59
-62
-62
-58
-58
-59
-59
-59
-64
-64
-60
-60
-59
-57
-70
-70
-57
-59
-59
-59
-59
-73
-61
-61
-60
-60
-64
-64
-57
-57
-53
-56
-56
-58
-62
-62
-60
-60
-53
-57
-62
-59
-59
-55
-61
-63
-59
-57
-59
-59
-59
-59
-62
-62
-59
-58
-61
-59
-65
-64
-57
-62
-62
-56
-57
-58
-58
-56
-56
-72
-73
-60
-60
-57
-57
-57
-57
-70
-63
-63
-69
-69
-73
-66
-66
-58
-58
-58
-58
-62
-62
-56
-56
-57
-57
-69
-67
-67
-58
-58
-69
-69
-58
-58
-68
-68
-56
-62
-62
-57
-63
-63
-57
-57
-66
-66
-56
-56
-70
-69
-69
-56
-55
-70
-52
-59
-58
-58
-54
-58
-58
-57
-57
-61
-61
-51
-51
-56
-71
-57
-57
-75
-57
-57
-64
-64
-55
-55
-56
-56
-60
-58
-58
-58
-58
-60
-62
-64
-65
-66
-57
-57
-61
-66
-66
-59
-60
-57
-57
-62
-62
-61
-57
-57
-59
-59
-59
-58
-59
-60
-62
-60
-59
-58
-58
-63
-63
-59
-59
-58
-57
-57
-57
-61
-51
-57
-52
-52
-67
-67
-61
-61
-63
-63
-67
-67
-64
-63
-62
-64
-74
-75
-59
-58
-67
-62
-71
-58
-58
-67
-67
-57
-64
-63
-57
-57
-61
-61
-61
-61
-60
-60
-56
-56
-60
-61
-56
-56
-62
-63
-62
-57
-57
-56
-56
-62
-62
-63
-63
-62
-61
-57
-57
-61
-61
-56
-56
-57
-57
-50
-57
-57
-57
-57
-61
-62
-50
-57
-57
-58
-54
-61
-62
-52
-52
-63
-63
-58
-62
-63
-56
-56
-49
-49
-62
-61
-50
-50
-61
-60
-51
-51
-62
-62
-55
-62
-62
-50
-50
-52
-52
-49
-49
-60
-55
-61
-50
127
-54
-56
-56
-52
-60
-60
-49
-49
-64
-64
-64
-52
-59
-59
-50
-50
-56
-56
-56
-64
-64
-52
-52
-60
-60
-50
-50
-56
-56
-58
-57
-56
-56
-57
-57
-63
-58
-58
-64
-57
-57
-60
-57
-57
-63
-60
-60
-62
-61
-60
-60
-57
-57
-57
-57
-57
-57
-62
-62
-62
-62
-58
-58
127
127
-60
-60
-56
127
-58
-58
-50
-50
-58
-54
-54
-51
-73
-72
-62
-62
