-53
-53
-52
-52
-58
-58
-54
-54
-58
-58
-50
-59
-59
-52
-48
-49
-56
-56
-53
-49
-49
-53
-54
-56
-56
-49
-57
-57
-48
-48
-54
-56
-56
-48
-48
-53
-53
-53
-56
-56
-49
-49
-49
-54
-53
-54
-56
-56
-48
-48
-49
-49
-53
-53
-54
-53
-54
-57
-55
-57
-48
-48
-62
-62
-54
-54
-49
-49
-61
-61
-49
-49
-56
-57
-54
-52
-49
-49
-62
-62
-53
-53
-51
-51
-50
-50
-58
-49
-49
-56
-49
-49
-56
-55
-50
-50
-56
-56
-64
-65
-64
-65
-50
-49
-51
-52
-52
-55
-53
-55
-48
-48
-50
-58
-58
-54
-54
-53
-53
-49
-49
-55
-54
-55
-48
-48
-53
-53
-49
-49
-56
-56
-56
-53
-56
-56
-54
-49
-56
-57
-54
-48
-48
-49
-49
-55
-57
-57
-53
-53
-54
-54
-56
-57
-50
-54
-56
-57
-49
-49
-54
-57
-49
-49
-55
-54
-54
-49
-54
-54
-54
-57
-57
-55
-55
-49
-49
-54
-57
-57
-56
-56
-49
-49
-54
-54
-54
-49
-49
-56
-55
-54
-54
-49
-54
-54
-49
-56
-56
-57
-57
-54
-54
-56
-56
-54
-54
-49
-49
-49
-48
-55
-53
-53
-54
-49
-49
-49
-49
-52
-52
-54
-54
-51
-51
-54
-54
-49
-49
-52
-52
-54
-54
-51
-52
-48
-49
-54
-54
-49
-49
-64
-64
-50
-50
-50
-50
-62
-62
-49
-49
-51
-51
-62
-62
-49
-49
-49
-49
-51
-51
-49
-49
-51
-51
-49
-49
-50
-50
-63
-63
-49
-49
-58
-58
-50
-50
-50
-50
-51
-51
-53
-53
-57
-57
-50
-50
-52
-55
-55
-50
-51
-52
-52
-55
-55
-50
-50
-53
-53
-49
-49
-53
-52
-59
-59
-48
-49
-57
-57
-49
-49
-52
-53
-59
-59
-53
-53
-58
-58
-49
-49
-53
-53
-59
-59
-49
-49
-53
-53
-53
-53
-47
-48
-48
-59
-59
-48
-48
-53
-53
-57
-57
-49
-49
-56
-56
-49
-49
-48
-48
-53
-53
-56
-56
-49
-49
-53
-53
-56
-49
-49
-57
-57
-49
-49
-54
-64
-47
-48
-53
-53
-69
-69
-48
-54
-54
-63
-63
-54
-54
-66
-66
-47
-47
-54
-54
-64
-64
-47
-47
-47
-47
-53
-54
-62
-62
-47
-47
-54
-54
-55
-63
-47
-47
-47
-47
-62
-62
-54
-54
-47
-47
-60
-60
-54
-54
-47
-61
-61
-54
-47
-47
-76
-77
-55
-55
-46
-46
-53
-53
-47
-47
-53
-53
-68
-71
-71
-46
-46
-70
-70
-71
-70
-46
-46
-52
-52
-49
-56
-65
-65
-53
-53
-53
-66
-65
-46
-46
-46
-46
-53
-53
-53
-53
-45
-46
-53
-53
-53
-70
-46
-46
-72
-72
-45
-46
-53
-53
-46
-69
-69
-46
-46
-53
-53
-46
-46
-67
-67
-53
-46
-46
-46
-47
-70
-70
-53
-53
-46
-45
-55
-55
-54
-54
-52
-52
-52
-52
-47
-47
-47
-47
-53
-53
-53
-53
-51
-51
-47
-47
-54
-54
-54
-54
-47
-47
-48
-48
-54
-54
-54
-54
-52
-52
-47
-47
-48
-54
-54
-53
-53
-52
-53
-53
-51
-51
-54
-54
-48
-48
-52
-52
-47
-47
-52
-48
-48
-48
-48
-52
-52
-54
-54
-47
-47
-77
-76
-52
-52
-46
-46
-45
-51
-51
-53
-53
-68
-67
-73
-73
-46
-45
-46
-46
-51
-51
-45
-45
-45
-46
-51
-52
-50
-50
-64
-60
-47
-47
-46
-53
-52
-53
-63
-63
-57
-55
-56
-46
-46
-47
-47
-47
-54
-48
-49
-48
-57
-57
-56
-56
-48
-48
-54
-54
-58
-58
-48
-48
-57
-48
-48
-58
-58
-48
-48
-54
-54
-56
-55
-55
-50
-55
-55
-48
-48
-56
-49
-49
-56
-56
-54
-49
-49
-48
-48
-51
-51
-50
-50
-52
-52
-56
-50
-50
-51
-49
-49
-51
-51
-49
-49
-51
-51
-49
-49
-56
-56
-50
-50
-58
-58
-49
-49
-58
-58
-48
-49
-50
-50
-49
-49
-50
-50
-49
-49
-59
-59
-50
-50
-49
-49
-58
-58
-50
-50
-49
-49
-59
-59
-59
-59
-51
-51
-49
-49
-56
-56
-51
-51
-57
-57
-51
-51
-56
-52
-52
-58
-58
-52
-52
-49
-49
-50
-50
-53
-53
-58
-58
-49
-49
-55
-55
-48
-48
-48
-48
-50
-50
-54
-54
-48
-48
-53
-53
-51
-51
-51
-51
-48
-48
-54
-54
-51
-51
-54
-54
-51
-51
-48
-48
-51
-51
-53
-53
-53
-53
-51
-51
-48
-48
-54
-54
-52
-51
-47
-47
-57
-57
-51
-51
-47
-48
-50
-50
-56
-57
-50
-50
-55
-55
-56
-56
-49
-49
-55
-55
-47
-47
-56
-55
-55
-55
-47
-47
-53
-53
-49
-49
-51
-51
-53
-52
-53
-53
-53
-53
-48
-48
-50
-50
-53
-53
-48
-48
-50
-53
-53
-48
-48
-50
-50
-49
-50
-53
-53
-50
-50
-53
-53
-48
-48
-50
-50
-48
-48
-50
-50
-50
-50
-51
-51
-48
-48
-51
-51
-53
-53
-51
-51
-53
-53
-48
-48
-51
-51
-53
-52
-48
-48
-51
-51
-50
-51
-48
-48
-50
-50
-52
-52
-51
-51
-51
-51
-48
-47
-51
-51
-53
-53
-50
-50
-48
-48
-53
-53
-53
-53
-50
-50
-49
-49
-53
-53
-51
-50
-49
-49
-49
-49
-52
-52
-51
-51
-52
-52
-51
-51
-49
-49
-48
-49
-53
-53
-51
-51
-47
-47
-52
-52
-48
-48
-51
-52
-55
-55
-51
-52
-55
-55
-51
-51
-55
-55
-48
-48
-51
-51
-52
-52
-52
-52
-54
-54
-48
-48
-52
-52
-48
-48
-55
-54
-48
-48
-52
-52
-54
-54
-48
-51
-51
-54
-54
-54
-54
-48
-49
-49
-51
-52
-52
-52
-52
-54
-53
-54
-54
-48
-49
-52
-52
-49
-49
-51
-51
-54
-54
-48
-49
-52
-52
-48
-48
-52
-52
-54
-54
-51
-51
-48
-48
-52
-52
-51
-51
-54
-55
-48
-49
-53
-53
-49
-52
-52
-48
-48
-53
-52
-52
-52
-48
-48
-48
-52
-52
-57
-57
-52
-52
-48
-48
-52
-52
-58
-58
-48
-48
-52
-52
-58
-57
-57
-57
-48
-48
-48
-48
-52
-57
-52
-52
-52
-57
-57
-52
-52
-57
-57
-48
-48
-48
-48
-57
-52
-52
-57
-57
-48
-48
-52
-52
-52
-52
-52
-56
-56
-48
-48
-52
-52
-56
-56
-48
-48
-58
-58
-49
-49
-57
-57
-48
-49
-51
-51
-48
-48
-51
-51
-56
-56
-49
-49
-51
-51
-56
-56
-48
-48
-49
-48
-51
-51
-48
-48
-56
-56
-57
-57
-49
-49
-51
-51
-56
-56
-48
-49
-51
-52
-56
-56
-49
-49
-51
-51
-57
-57
-49
-51
-51
-57
-57
-51
-51
-49
-49
-58
-50
-50
-51
-51
-57
-55
-57
-49
-49
-49
-51
-51
-49
-49
-56
-56
-49
-49
-52
-57
-56
-51
-51
-49
-49
-51
-51
-52
-52
-54
-49
-49
-49
-49
-51
-49
-49
-51
-51
-52
-52
-54
-49
-49
-51
-51
-51
-51
-51
-55
-56
-56
-49
-49
-51
-51
-51
-51
-49
-49
-51
-51
-49
-49
-51
-51
-51
-51
-48
-48
-53
-52
-48
-54
-54
-50
-50
-47
-47
-52
-52
-49
-50
-46
-46
-50
-50
-53
-53
-49
-49
-46
-46
-49
-49
-46
-46
-53
-53
-49
-50
-49
-49
-57
-57
-48
-48
-54
-54
-52
-52
-49
-49
-49
-49
-53
-53
-53
-53
-68
-46
-46
-51
-51
-46
-46
-50
-50
-58
-47
-47
-53
-54
-47
-47
-57
-58
-59
-59
-47
-47
-59
-54
-54
-47
-60
-60
-60
-55
-55
-55
-55
-55
-55
-54
-55
-55
-59
-55
-55
-55
-55
-59
-56
-59
-59
-48
-60
-48
-48
-55
-55
-49
-55
-55
-48
-48
-48
-48
-58
-55
-55
-48
-48
-60
-60
-48
-48
-58
-58
-58
-58
-55
-55
-58
-58
-55
-55
-47
-48
-55
-55
-56
-56
-48
-48
-58
-56
-55
-57
-55
-55
-48
-48
-57
-57
-51
-51
-48
-48
-52
-53
-59
-59
-49
-48
-53
-58
-58
-52
-52
-58
-58
-49
-49
-53
-53
-57
-57
-53
-53
-56
-56
-56
-56
-48
-49
-53
-53
-53
-49
-49
-53
-57
-57
-49
-49
-54
-54
-57
-49
-48
-53
-53
-57
-58
-53
-48
-48
-53
-53
-53
-49
-49
-54
-53
-53
-53
-58
-53
-53
-54
-54
-57
-57
-48
-48
-54
-54
-48
-48
-48
-48
-56
-57
-48
-48
-48
-48
-56
-56
-48
-48
-54
-48
-48
-53
-48
-48
-53
-53
-52
-52
-59
-59
-48
-49
-53
-53
-49
-49
-58
-59
-48
-48
-53
-53
-58
-58
-52
-53
-58
-58
-52
-52
-58
-58
-48
-49
-53
-53
-57
-57
