-48
-48
-55
-55
-46
-46
-47
-47
-52
-52
-49
-47
-48
-51
-51
-51
-51
-52
-52
-47
-47
-52
-47
-47
-52
-52
-48
-48
-47
-47
-52
-52
-47
-47
-47
-47
-47
-47
-48
-48
-46
-48
-47
-52
-52
-47
-47
-47
-47
-48
-52
-51
-52
-47
-47
-47
-48
-48
-52
-52
-52
-47
-47
-52
-52
-47
-47
-48
-48
-48
-52
-52
-52
-47
-47
-47
-47
-47
-48
-48
-48
-52
-52
-52
-47
-47
-47
-52
-52
-47
-47
-47
-52
-52
-47
-52
-52
-47
-47
-47
-47
-52
-47
-47
-47
-51
-52
-47
-47
-52
-52
-48
-48
-47
-51
-52
-47
-47
-48
-48
-52
-52
-52
-52
-52
-52
-47
-47
-47
-47
-47
-48
-52
-52
-47
-47
-47
-47
-47
-47
-47
-47
-52
-52
-47
-52
-52
-52
-51
-52
-47
-47
-48
-47
-47
-52
-52
-53
-53
-47
-47
-47
-47
-48
-48
-52
-52
-52
-52
-47
-47
-52
-52
-47
-47
-48
-48
-52
-52
-47
-47
-47
-48
-48
-52
-52
-47
-47
-47
-47
-52
-52
-47
-47
-47
-47
-47
-48
-52
-52
-51
-52
-47
-47
-51
-51
-47
-47
-47
-47
-52
-52
-47
-47
-47
-47
-47
-47
-52
-52
-52
-52
-47
-47
-47
-47
-52
-52
-52
-52
-47
-47
-48
-48
-52
-51
-47
-47
-48
-47
-51
-51
-47
-47
-51
-51
-47
-47
-48
-47
-52
-52
-47
-47
-52
-52
-47
-47
-52
-52
-47
-47
-47
-47
-52
-52
-47
-47
-52
-52
-51
-51
-47
-47
-47
-47
-51
-52
-47
-47
-47
-47
-52
-52
-47
-48
-48
-47
-52
-52
-47
-47
-48
-48
-52
-52
-47
-47
-48
-48
-52
-52
-48
-47
-48
-48
-46
-52
-52
-52
-52
-47
-47
-47
-52
-52
-52
-52
-47
-47
-52
-52
-47
-47
-52
-52
-47
-47
-47
-47
-47
-52
-52
-47
-47
-47
-47
-52
-52
-52
-51
-47
-47
-47
-47
-48
-47
-52
-52
-47
-47
-47
-47
-47
-47
-47
-47
-47
-47
-52
-52
-47
-47
-48
-47
-52
-47
-52
-52
-52
-47
-47
-52
-52
-47
-47
-47
-47
-52
-52
-47
-47
-52
-52
-47
-47
-52
-47
-47
-52
-52
-47
-47
-48
-53
-52
-47
-47
-47
-47
-48
-47
-47
-52
-52
-52
-52
-47
-47
-47
-47
-47
-47
-47
-47
-47
-52
-52
-47
-47
-47
-47
-52
-52
-47
-47
-47
-47
-52
-52
-47
-47
-47
-47
-48
-48
-52
-52
-47
-47
-47
-47
-52
-52
-47
-47
-48
-48
-47
-47
-52
-47
-47
-48
-48
-52
-52
-47
-47
-52
-52
-52
-52
-47
-47
-52
-52
-47
-47
-47
-47
-52
-52
-47
-47
-52
-52
-47
-47
-47
-47
-47
-47
-47
-53
-52
-48
-48
-47
-47
-52
-52
-52
-52
-47
-47
-48
-48
-52
-52
-47
-47
-52
-52
-47
-47
-47
-47
-48
-47
-52
-52
-47
-47
-52
-52
-48
-48
-52
-52
-47
-47
-52
-52
-47
-47
-52
-52
-47
-47
-52
-52
-47
-48
-52
-52
-47
-47
-48
-48
-46
-47
-48
-47
-51
-51
-48
-48
-48
-47
-48
-48
-47
-47
-46
-46
-50
-51
-53
-53
-53
-53
-54
-54
-47
-47
-52
-52
-54
-54
-46
-46
-46
-52
-52
-52
-58
-57
-51
-51
-54
-54
-52
-45
-46
-54
-50
-51
-46
-45
-56
-56
-45
-45
-45
-46
-55
-55
-53
-53
-45
-45
-45
-55
-56
-45
-55
-55
-57
-56
-56
-55
-55
-46
-46
-57
-46
-46
-54
-54
-45
-45
-53
-53
-53
-53
-55
-56
-57
-57
-44
-53
-54
-55
-52
-54
-55
-46
-46
-52
-52
-53
-53
-56
-56
-45
-45
-45
-45
-45
-56
-56
-47
-47
-54
-52
-52
-44
-45
-45
-46
-47
-55
-44
-44
-55
-54
-55
-55
-44
-44
-54
-54
-55
-55
-43
-44
-43
-43
-58
-59
-53
-53
-55
-55
-46
-46
-45
-45
-58
-58
-55
-55
-44
-44
-57
-55
-55
-44
-44
-52
-52
-54
-54
-43
-44
-51
-51
-55
-55
-43
-43
-52
-55
-43
-43
-52
-56
-56
-46
-46
-51
-51
-55
-55
-46
-52
-52
-55
-55
-48
-48
-51
-51
-46
-46
-52
-52
-53
-53
-47
-47
-55
-55
-55
-50
-50
-57
-57
-56
-56
-57
-57
-57
-57
-49
-49
-54
-54
-61
-61
-47
-47
-51
-56
-55
-51
-51
-48
-48
-53
-53
-57
-57
-50
-50
-51
-59
-59
-46
-46
-52
-52
-52
-46
-45
-65
-65
-50
-50
-51
-51
-52
-52
-49
-49
-50
-52
-52
-49
-50
-51
-51
-53
-53
-48
-48
-52
-52
-52
-49
-49
-49
-53
-53
-53
-50
-50
-57
-56
-51
-52
-47
-47
-47
-47
-52
-49
-49
-47
-47
-55
-55
-47
-47
-53
-56
-55
-47
-56
-56
-49
-49
-49
-49
-54
-55
-54
-54
-48
-53
-53
-55
-55
-53
-53
-60
-60
-47
-47
-46
-50
-48
-47
-52
-52
-47
-47
-48
-48
-51
-51
-53
-53
-54
-55
-55
-55
-48
-48
-49
-49
-49
-53
-55
-57
-57
-46
-46
-46
-46
-53
-53
-50
-50
-51
-52
-52
-52
-52
-51
-51
-45
-45
-53
-53
-53
-53
-44
-44
-50
-50
-52
-52
-44
-44
-50
-50
-53
-53
-44
-52
-52
-49
-49
-44
-44
-50
-50
-52
-52
-44
-44
-50
-49
-52
-52
-44
-44
-49
-50
-44
-44
-50
-50
-52
-52
-44
-44
-53
-53
-63
-63
-47
-47
-49
-49
-55
-55
-49
-50
-52
-52
-53
-52
-52
-47
-49
-49
-52
-52
-50
-50
-52
-52
-53
-53
-50
-50
-54
-54
-53
-52
-49
-49
-53
-53
-52
-52
-52
-52
-57
-57
-48
-48
-55
-55
-52
-52
-51
-51
-52
-52
-53
-53
-46
-46
-51
-51
-54
-54
-47
-46
-50
-51
-54
-54
-54
-55
-46
-46
-51
-51
-53
-53
-45
-45
-50
-50
-50
-50
-45
-45
-45
-45
-50
-50
-51
-51
-49
-49
-54
-54
-45
-45
-50
-50
-45
-45
