-51
-52
-52
-47
-47
-47
-47
-48
-48
-59
-49
-49
-62
-62
-50
-50
-47
-47
-68
-68
-48
-48
-50
-67
-67
-50
-50
-60
-60
-47
-47
-49
-49
-49
-49
-57
-57
-49
-49
-50
-50
-60
-60
-48
-50
-50
-60
-47
-47
-50
-50
-57
-57
-49
-49
-61
-62
-48
-48
-51
-51
-58
-57
-48
-48
-52
-52
-55
-55
-50
-50
-58
-58
-52
-52
-52
-52
-58
-58
-47
-47
-53
-53
-60
-60
-48
-48
-52
-52
-47
-47
-55
-55
-49
-54
-55
-54
-54
-47
-47
-53
-53
-52
-51
-54
-54
-47
-47
-53
-53
-55
-55
-52
-56
-56
-51
-51
-52
-52
-56
-56
-48
-48
-55
-55
-50
-50
-51
-51
-54
-54
-51
-51
-54
-54
-49
-49
-53
-53
-49
-49
-51
-51
-48
-48
-48
-48
-51
-51
-54
-48
-48
-50
-50
-63
-64
-48
-48
-47
-47
-57
-57
-53
-53
-48
-48
-52
-52
-46
-46
-54
-54
-56
-56
-47
-47
-53
-53
-53
-53
-52
-50
-50
-46
-47
-55
-55
-51
-51
-47
-46
-47
-53
-53
-45
-45
-53
-53
-56
-56
-50
-50
-52
-52
-54
-54
-46
-46
-52
-52
-53
-46
-46
-49
-49
-54
-54
-48
-48
-50
-50
-51
-51
-50
-50
-48
-48
-50
-50
-48
-49
-52
-49
-49
-56
-56
-51
-48
-48
-55
-55
-49
-49
-52
-52
-51
-51
-55
-55
-55
-48
-48
-48
-48
-54
-54
-56
-56
-63
-62
-59
-59
-47
-47
-48
-48
-61
-60
-53
-53
-55
-55
-48
-56
-56
-48
-48
-54
-54
-49
-55
-55
-49
-54
-54
-49
-49
-47
-47
-53
-53
-60
-60
-55
-55
-54
-54
-49
-49
-59
-59
-44
-44
-54
-54
-56
-56
-46
-46
-54
-54
-45
-45
-53
-52
-46
-46
-63
-63
-53
-53
-46
-46
-50
-50
-42
-42
-48
-47
-48
-48
-50
-50
-46
-46
-48
-48
-50
-50
-49
-50
-43
-49
-49
-51
-51
-47
-47
-50
-49
-52
-52
-47
-47
-50
-50
-50
-50
-52
-47
-47
-52
-52
-47
-47
-50
-50
-52
-52
-50
-50
-52
-52
-48
-48
-50
-50
-52
-52
-47
-47
-52
-52
-52
-52
-47
-48
-50
-50
-52
-52
-47
-47
-50
-50
-52
-52
-47
-47
-47
-47
-50
-49
-52
-52
-47
-47
-50
-49
-52
-52
-47
-47
-50
-49
-52
-52
-47
-47
-50
-50
-52
-52
-47
-50
-50
-52
-52
-47
-47
-47
-47
-50
-50
-52
-52
-47
-47
-50
-50
-52
-52
-47
-47
-50
-50
-50
-50
-50
-50
-46
-50
-50
-47
-47
-52
-53
-50
-50
-50
-50
-47
-47
-52
-52
-47
-47
-52
-52
-49
-49
-47
-47
-52
-52
-47
-47
-50
-50
-52
-52
-47
-47
-50
-50
-52
-52
-47
-47
-52
-52
-52
-47
-47
-47
-47
-50
-50
-50
-52
-52
-52
-52
-47
-47
-50
-50
-52
-52
-52
-52
-47
-47
-47
-47
-50
-50
-52
-49
-49
-52
-52
-47
-47
-50
-49
-52
-47
-47
-50
-50
-52
-52
-52
-52
-47
-47
-50
-50
-52
-52
-47
-47
-50
-50
-50
-50
-52
-52
