-55
-55
-51
-51
-61
-61
-53
-53
-51
-51
-52
-52
-52
-52
-50
-50
-55
-55
-53
-53
-50
-50
-67
-49
-49
-56
-56
-49
-49
-59
-59
-63
-62
-47
-47
-64
-64
-47
-47
-64
-64
-46
-46
-63
-62
-62
-62
-67
-67
-46
-46
-62
-62
-66
-66
-65
-46
-46
-62
-63
-65
-65
-66
-66
-46
-46
-46
-62
-62
-66
-66
-46
-46
-64
-64
-72
-72
-68
-68
-46
-46
-63
-63
-47
-47
-61
-61
-64
-64
-46
-46
-64
-64
-65
-64
-46
-46
-46
-46
-67
-67
-65
-65
-46
-47
-63
-62
-46
-46
-65
-65
-62
-62
-61
-62
-62
-46
-46
-47
-47
-68
-68
-67
-67
-65
-65
-46
-47
-47
-66
-71
-47
-47
-47
-47
-47
-47
-64
-70
-70
-47
-47
-68
-68
-67
-67
-47
-47
-68
-68
-46
-46
-70
-70
-66
-66
-47
-47
-68
-68
-61
-61
-47
-47
-78
-77
-64
-47
-47
-71
-71
-66
-65
-46
-46
-66
-66
-71
-71
-76
-49
-50
-56
-57
-49
-49
-49
-56
-57
-49
-49
-49
-49
-50
-50
-56
-49
-49
-49
-49
-56
-56
-50
-57
-50
-50
-56
-56
-50
-50
-49
-49
-55
-50
-49
-56
-56
-50
-50
-49
-49
-49
-55
-49
-49
-49
-55
-49
-49
-55
-49
-55
-71
-49
-49
-55
-70
-49
-47
-47
-56
-56
-61
-56
-56
-49
-49
-50
-50
-56
-56
-49
-49
-49
-49
-56
-56
-49
-49
-49
-49
-49
-49
-55
-55
-50
-50
-49
-49
-57
-49
-49
-51
-51
-49
-49
-51
-50
-56
-56
-49
-51
-56
-55
-49
-49
-50
-50
-57
-57
-68
-68
-57
-57
-47
-49
-50
-50
-57
-57
-47
-49
-49
-67
-66
-50
-50
-69
-57
-49
-48
-57
-57
-48
-48
-50
-50
-57
-48
-48
-50
-50
-46
-46
-57
-67
-66
-49
-48
-46
-46
-57
-57
-57
-69
-68
-68
-50
-57
-57
-68
-68
-49
-49
-50
-50
-49
-49
-50
-50
-57
-57
-49
-49
-50
-50
-47
-50
-50
-57
-57
-49
-49
-50
-50
-57
-57
-68
-68
-49
-46
-46
-50
-50
-57
-49
-57
-57
-48
-48
-50
-50
-57
-49
-50
-50
-58
-48
-48
-50
-50
-49
-50
-50
-58
-57
-49
-48
-50
-50
-57
-48
-48
-57
-50
-58
-58
-50
-50
-58
-57
-49
-48
-50
-57
-57
-50
-50
-57
-57
-49
-48
-50
-49
-57
-48
-48
-49
-58
-58
-48
-56
-57
-51
-51
-58
-49
-49
-49
-49
-49
-49
-57
-57
-50
-50
-57
-57
-48
-48
-50
-50
-49
-49
-56
-49
-49
-57
-57
-49
-49
-50
-50
-56
-55
-49
-49
-55
-55
-49
-48
-50
-50
-56
-56
-69
-49
-49
-65
-51
-51
-56
-55
-49
-49
-49
-49
-51
-51
-58
-57
-49
-49
-50
-49
-56
-56
-49
-49
-51
-51
-51
-51
-57
-57
-48
-51
-57
-57
-51
-55
-55
-49
-49
-48
-48
-51
-51
-56
-56
-49
-49
-51
-51
-56
-56
-49
-49
-51
-51
-57
-49
-49
-51
-51
-56
-56
-49
-49
-51
-51
-57
-57
-48
-48
-56
-56
-49
-49
-50
-50
-57
-57
-48
-50
-50
-55
-55
-49
-49
-51
-50
-51
-51
-56
-56
-49
-49
-50
-50
-55
-55
-49
-49
-55
-51
-51
-56
-55
-49
-49
-51
-51
-56
-56
-49
-48
-51
-51
-49
-49
-44
-56
-56
-48
-48
-51
-51
-56
-56
-49
-49
-66
-68
-55
-56
-49
-49
-66
-51
-50
-66
-51
-51
-47
-49
-49
-70
-70
-67
-67
-55
-55
-56
-56
-48
-48
-68
-51
-51
-49
-49
-51
-55
-55
-48
-48
-51
-51
-48
-49
-51
-50
-48
-49
-51
-50
-55
-55
-48
-48
-66
-51
-51
-56
-55
-49
-49
-50
-50
-49
-49
-50
-50
-55
-55
-49
-49
-50
-50
-49
-49
-50
-50
-50
-50
-49
-70
-56
-56
-48
-48
-50
-50
-56
-56
-49
-68
-56
-56
-49
-49
-50
-50
-55
-56
-48
-49
-50
-50
-48
-48
-50
-48
-49
-50
-51
-56
-49
-48
-50
-50
-55
-56
-49
-50
-50
-56
-56
-51
-51
-57
-57
-57
-57
-48
-48
-68
-72
-62
-63
-57
-57
-51
-51
-51
-57
-57
-57
-57
-49
-49
-50
-50
-56
-56
-48
-48
-51
-50
-49
-49
-50
-50
-51
-50
-56
-57
-49
-49
-50
-50
-57
-56
-49
-49
-50
-50
-55
-55
-44
-50
-50
-56
-70
-49
-49
-51
-51
-55
-55
-48
-48
-51
-51
-46
-46
-56
-56
-50
-53
-53
-48
-48
-51
-51
-55
-55
-48
-48
-55
-55
-48
-48
-51
-51
-48
-48
-51
-51
-55
-55
-48
-48
-51
-56
-56
-48
-48
-51
-51
-56
-48
-48
-48
-51
-51
-55
-55
-48
-48
-51
-51
-56
-56
-55
-46
-46
-51
-51
-56
-55
-48
-48
-51
-51
-66
-55
-48
-48
-51
-51
-48
-48
-51
-51
-56
-55
-48
-48
-55
-55
-48
-48
-51
-51
-48
-48
-51
-51
-48
-48
-51
-51
-55
-48
-48
-51
-51
-51
-51
-64
-51
-51
-48
-48
-55
-55
-55
-55
-45
-65
-65
-55
-55
-48
-48
-51
-51
-55
-55
-55
-55
-48
-48
-51
-51
-55
-55
-65
-65
-48
-48
-51
-51
-48
-48
-51
-51
-64
-51
-51
-55
-55
-48
-51
-51
-55
-56
-48
-48
-63
-65
-64
-55
-55
-51
-51
-55
-55
-48
-55
-55
-56
-51
-51
-55
-55
-48
-51
-51
-55
-55
-49
-48
-51
-51
-46
-51
-64
-64
-55
-48
-48
-46
-46
-51
-51
-55
-55
-48
-48
-46
-46
-51
-51
-64
-64
-55
-55
-55
-48
-48
-51
-51
-51
-51
-55
-55
-48
-48
-54
-49
-49
-51
-51
-47
-47
-53
-55
-55
-48
-51
-51
-47
-47
-52
-51
-52
-53
-48
-48
-55
-55
-49
-49
-52
-52
-55
-55
-55
-49
-49
-52
-52
-55
-55
-48
-49
-51
-51
-56
-49
-49
-51
-51
-49
-51
-51
-55
-55
-48
-48
-52
-52
-55
-55
-49
-49
-52
-52
-55
-55
-52
-52
-55
-55
-55
-54
-49
-49
-50
-50
-58
-58
-58
-58
-48
-51
-51
-48
-48
-50
-50
-57
-49
-49
-48
-48
-57
-57
-48
-50
-50
-58
-58
-49
-49
-50
-50
-48
-48
-50
-50
-58
-58
-49
-48
-50
-50
-48
-50
-50
-58
-58
-58
-58
-46
-46
-49
-49
-48
-49
-67
-67
-50
-50
-58
-58
-49
-59
-58
-48
-48
-50
-50
-59
-59
-48
-48
-58
-57
-49
-49
-50
-58
-59
-51
-58
-59
-49
-49
-51
-51
-51
-51
-46
-58
-58
-48
-48
-51
-47
-59
-59
-67
-48
-48
-51
-51
-46
-46
-58
-58
-48
-48
-59
-59
-48
-48
-51
-57
-57
-50
-50
-59
-48
-48
-49
-49
-51
-59
-49
-48
-59
-59
-48
-49
-50
-50
-59
-59
-48
-49
-50
-59
-59
-48
-50
-59
-58
-48
-48
-59
-59
-48
-48
-50
-59
-58
-49
-48
-50
-50
-59
-59
-48
-48
-48
-49
-49
-51
-51
-71
-71
-58
-58
-51
-51
-62
-62
-47
-47
-51
-71
-51
-51
-51
-58
-58
-48
-49
-48
-51
-58
-58
-58
-58
-48
-48
-51
-51
-58
-58
-49
-49
-51
-51
-58
-58
-49
-48
-51
-51
-49
-48
-51
-51
-58
-62
-49
-49
-47
-47
-51
-51
-58
-58
-49
-49
-49
-44
-48
-69
-69
-58
-57
127
127
-51
-51
-58
-58
-49
-49
-50
-50
-58
-58
-49
-49
-58
-59
-49
-49
-58
-58
-49
-49
-50
-58
-58
-49
-49
-58
-58
-49
-49
-51
-51
-51
-51
-58
-58
-51
-50
-59
-58
-49
-49
-50
-59
-58
-49
-48
-58
-59
-49
-45
-48
-50
-50
-50
-50
-59
-59
-46
-46
-67
-67
-59
-51
-51
-62
127
-51
-51
-50
-50
-44
-59
-59
-48
-48
-62
-41
-59
-59
-58
-58
-50
-63
-58
-59
-47
-48
-48
-48
-69
-46
-46
-51
-51
-62
-62
-46
-46
-48
-59
-58
-46
-50
-51
-71
-71
-46
-46
-71
-58
-62
-59
-47
-46
-71
-62
-44
-58
-49
-49
-50
-51
-44
-70
-70
-62
-51
-51
-48
-49
-51
-51
-58
-58
-48
-48
-58
-58
-48
-48
-58
-58
-59
-46
-46
-49
-50
-50
-47
-47
-49
-49
-51
-62
-58
-58
-48
-49
-59
-58
-49
-49
-50
-50
-58
-58
