-65
-65
-55
-55
-55
-55
-53
-53
-63
-62
-54
-54
-68
-68
-52
-52
-63
-63
-53
-53
-56
-56
-64
-64
-65
-65
-53
-53
-56
-56
-62
-62
-53
-53
-57
-57
-53
-53
-56
-56
-63
-63
-53
-53
-56
-56
-53
-53
-62
-62
-56
-56
-61
-61
-57
-57
-63
-63
-53
-53
-56
-56
-62
-62
-53
-53
-54
-53
-56
-56
-56
-56
-64
-64
-54
-53
-53
-56
-66
-68
-53
-53
-53
-53
-55
-55
-56
-56
-67
-67
-67
-55
-68
-68
-68
-53
-53
-68
-69
-65
-66
-53
-53
-53
-52
-74
-74
-53
-53
-69
-69
-53
-53
-70
-70
-53
-53
-56
-53
-53
-70
-57
-57
-53
-53
-66
-65
-54
-54
-54
-55
-55
-64
-64
-54
-54
-54
-54
-55
-55
-54
-54
-54
-64
-64
-53
-54
-55
-55
-54
-54
-64
-64
-64
-64
-53
-53
-53
-53
-65
-65
-64
-64
-53
-53
-53
-53
-53
-53
-55
-55
-53
-53
-55
-55
-55
-64
-64
-53
-53
-53
-53
-55
-64
-64
-64
-53
-53
-55
-55
-63
-63
-53
-52
-53
-63
-63
-53
-53
-52
-64
-63
-54
-54
-53
-53
-54
-54
-65
-65
-53
-53
-66
-66
-53
-53
-54
-66
-66
-66
-66
-54
-53
-54
-54
-66
-66
-53
-54
-54
-54
-54
-53
-53
-54
-54
-55
-54
-69
-55
-54
-54
-54
-53
-53
-67
-67
-68
-68
-53
-53
-54
-54
-55
-55
-54
-54
-67
-68
-53
-53
-54
-69
-69
-55
-55
-67
-68
-53
-53
-54
-54
-69
-69
-53
-53
-53
-53
-54
-54
-53
-53
-54
-54
-68
-68
-52
-53
-54
-54
-53
-53
-54
-54
-70
-71
-53
-53
-67
-53
-53
-55
-54
-67
-67
-53
-53
-54
-54
-53
-53
-54
-53
-67
-67
-53
-53
-54
-54
-69
-69
-54
-54
-54
-69
-69
-54
-53
-53
-68
-68
-53
-53
-70
-70
-54
-54
-69
-69
-53
-53
-69
-70
-48
-68
-67
-54
-54
-63
-63
-54
-54
-54
-54
-52
-53
-53
-55
-54
-64
-64
-53
-53
-63
-63
-54
-54
-53
-53
-63
-63
-53
-53
-63
-63
-53
-53
-53
-53
-53
-53
-62
-62
-62
-62
-54
-54
-53
-53
-61
-62
-53
-53
-63
-63
-54
-54
-54
-54
-61
-54
-54
-53
-53
-62
-62
-54
-54
-53
-53
-62
-62
-53
-53
-54
-54
-53
-53
-62
-62
-53
-53
-62
-62
-53
-53
-62
-53
-53
-55
-54
-53
-53
-54
-54
-53
-53
-54
-54
-52
-52
-62
-55
-54
-54
-54
-52
-52
-53
-53
-63
-63
-62
-62
-53
-53
-53
-63
-63
-61
-62
-53
-53
-62
-62
-62
-62
-53
-53
-62
-62
-54
-54
-53
-53
-62
-62
-62
-62
-54
-54
-54
-61
-62
-52
-53
-62
-62
-53
-54
-54
-62
-62
-54
-54
-53
-53
-53
-53
-62
-62
-62
-62
-55
-55
-54
-54
-53
-53
-53
-53
-55
-55
-62
-62
-54
-54
-53
-52
-61
-62
-54
-54
-53
-53
-62
-62
-62
-62
-62
-62
-54
-54
-53
-53
-62
-54
-54
-53
-53
-53
-53
-62
-62
-54
-54
-62
-62
-54
-54
-53
-53
-62
-62
-54
-54
-53
-53
-53
-55
-54
-63
-63
-54
-62
-62
-62
-62
-53
-53
-63
-63
-55
-55
-62
-62
-53
-53
-63
-63
-53
-53
-53
-54
-54
-54
-54
-55
-54
-62
-62
-53
-53
-63
-54
-54
-54
-54
-53
-53
-62
-62
-54
-54
-53
-53
-53
-53
-62
-62
-54
-54
-54
-54
-62
-62
-54
-54
-55
-55
-53
-53
-62
-54
-54
-54
-54
-54
-54
-63
-63
-53
-52
-55
-55
-51
-52
-62
-53
-53
-56
-56
-65
-53
-53
-55
-55
-63
-63
-63
-63
-54
-54
-53
-53
-54
-54
-63
-63
-55
-55
-63
-63
-53
-53
-55
-55
-53
-53
-54
-54
-63
-63
-63
-63
-53
-53
-54
-54
-63
-63
-53
-53
-63
-63
-53
-53
-62
-62
-53
-54
-55
-63
-63
-63
-63
-54
-54
-54
-64
-53
-53
-55
-55
-54
-54
-63
-63
-64
-64
-53
-53
-53
-53
-55
-55
-54
-54
-63
-63
-64
-54
-53
-54
-53
-53
-64
-64
-54
-63
-63
-54
-54
-53
-53
-65
-65
-54
-54
-53
-53
-54
-53
-53
-53
-63
-64
-53
-53
-54
-54
-65
-65
-64
-64
-53
-54
-54
-54
-54
-54
-54
-54
-54
-53
-55
-55
-62
-62
-53
-53
-55
-55
-64
-64
-56
-53
-54
-56
-56
-59
-59
-55
-55
-63
-63
-55
-55
-52
-52
-53
-53
-53
-71
-71
-53
-52
-52
-53
-53
-71
-71
-52
-53
-59
-54
-54
-62
-62
-54
-55
-70
-70
-53
-53
-54
-54
-71
-71
-55
-55
-70
-53
-53
-69
-69
-69
-53
-53
-54
-54
-53
-53
-55
-55
-53
-53
-54
-54
-69
-69
-55
-54
-53
-53
-54
-54
-69
-69
-53
-53
-54
-54
-69
-70
-53
-53
-70
-70
-53
-53
-54
-71
-71
-53
-53
-54
-54
-71
-71
-70
-53
-52
-54
-54
-53
-53
-54
-53
-54
-54
-70
-70
-52
-54
-55
-70
-53
-53
-54
-54
-65
-65
-53
-53
-55
-55
-69
-69
-53
-53
-56
-69
-56
-56
-71
-71
-53
-53
-57
-57
-69
-69
-56
-56
-72
-72
-68
-67
-68
-53
-53
-56
-56
-68
-68
-53
-56
-56
-67
-67
-55
-56
-67
-67
-69
-69
-62
-53
-55
-55
-54
-54
-54
-55
-71
-71
-53
-53
-54
-55
-55
-55
-53
-53
-54
-54
-69
-69
-53
-53
-55
-55
-53
-53
-55
-54
-69
-69
-53
-53
-53
-53
-67
-67
-53
-53
-55
-55
-52
-54
-54
-52
-69
-69
-53
-53
-68
-68
-55
-55
-68
-53
-53
-55
-55
-68
-68
-53
-53
-55
-55
-55
-55
-68
-68
-53
-53
-55
-55
-68
-68
-53
-55
-55
-54
-55
-53
-53
-55
-70
-53
-53
-53
-53
-54
-54
-53
-53
-55
-55
-53
-53
-68
-68
-70
-70
-53
-53
-55
-53
-53
-54
-54
-53
-53
-55
-54
-53
-53
-53
-53
-53
-53
-55
-54
-67
-68
-55
-55
-55
-65
-66
-64
-53
-53
-53
-53
-55
-55
-70
-52
-53
-53
-53
-54
-54
-72
-72
-54
-54
-55
-54
-74
-73
-73
-73
-53
-53
-53
-53
-55
-55
-74
-53
-53
-55
-55
-55
-55
-75
-75
-53
-54
-55
-55
-53
-53
-55
-56
-78
-77
-77
-53
-53
-55
-55
-77
-77
-53
-53
-55
-55
-75
-75
-55
-55
-55
-55
-75
-76
-53
-53
-55
-55
-80
-81
-54
-53
-55
-55
-55
-55
-53
-53
-53
-53
-79
-55
-55
-54
-53
-75
-75
-55
-55
-53
-53
-76
-55
-55
-53
-53
-55
-55
-53
-53
-55
-55
-74
-74
-55
-55
-53
-53
-55
-55
-75
-75
-53
-53
-73
-73
-53
-53
-55
-55
-73
-53
-54
-72
-72
-54
-53
-71
-53
-53
-54
-55
-55
-55
-76
-53
-53
-55
-55
-53
-53
-55
-55
-53
-53
-55
-55
-73
-73
-53
-53
-55
-55
-78
-79
-54
-76
-76
-55
-55
-55
-55
-55
-55
-53
-53
-57
-55
-53
-53
-76
-74
-55
-55
-74
-75
-53
-53
-74
-74
-53
-53
-55
-55
-53
-55
-55
-75
-78
-75
-53
-53
-53
-53
-55
-55
-74
-74
-53
-53
-55
-55
-55
-55
-53
-53
-55
-55
-77
-77
-53
-53
-55
-55
-79
-79
-53
-54
-54
-54
-55
-55
-76
-75
-54
-53
-55
-54
-53
-53
-55
-55
-79
-79
-53
-53
-53
-53
-68
-68
-70
-70
-55
-55
-74
-74
-53
-53
-56
-56
-53
-53
-53
-52
-70
-71
-53
-53
-53
-53
-56
-56
-73
-73
-71
-55
-55
-63
-63
-54
-54
-55
-55
-54
-55
-55
-56
-65
-54
-55
-55
-65
-65
-54
-54
-54
-54
-64
-55
-55
-64
-64
-55
-55
-69
-69
-53
-53
-54
-54
