-61
-50
-50
-51
-51
-60
-60
-50
-50
-50
-50
-56
-57
-50
-50
-58
-58
-53
-53
-52
-52
-58
-58
-49
-58
-58
-50
-50
-50
-50
-49
-49
-57
-57
-50
-50
-49
-49
-59
-59
-50
-50
-50
-50
-50
-50
-59
-50
-50
-59
-59
-50
-50
-60
-50
-50
-59
-58
-50
-50
-49
-59
-50
-50
-50
-50
-59
-59
-50
-50
-59
-59
-49
-50
-59
-59
-58
-58
-50
-50
-62
-50
-50
-49
-49
-59
-59
-50
-50
-59
-59
-50
-50
-49
-50
-50
-50
-59
-59
-50
-50
-49
-50
-59
-59
-50
-50
-50
-49
-51
-50
-51
-50
-50
-59
-58
-50
-51
-50
-49
-59
-59
-59
-59
-50
-50
-50
-49
-50
-49
-49
-59
-59
-58
-58
-50
-50
-49
-50
-59
-59
-59
-58
-50
-50
-58
-58
-50
-50
-50
-49
-50
-50
-50
-49
-59
-59
-50
-50
-50
-50
-50
-50
-58
-58
-50
-50
-50
-50
-59
-59
-50
-50
-50
-50
-50
-50
-59
-59
-50
-50
-50
-50
-59
-59
-50
-50
-59
-58
-50
-49
-59
-58
-50
-50
-50
-50
-59
-58
-50
-50
-50
-50
-59
-59
-50
-50
-50
-50
-50
-50
-58
-58
-50
-50
-50
-50
-59
-59
-51
-51
-50
-50
-59
-58
-50
-59
-59
-58
-59
-50
-50
-59
-58
-50
-50
-58
-58
-58
-59
-59
-59
-50
-50
-50
-50
-50
-50
-51
-51
-59
-59
-59
-59
-50
-50
-51
-51
-58
-50
-50
-50
-50
-50
-50
-50
-50
-59
-59
-59
-50
-50
-55
-59
-59
-50
-50
-50
-50
-51
-51
-50
-50
-59
-59
