-61
-61
-53
-53
-63
-62
-49
-49
-55
-56
-54
-54
-51
-51
-58
-58
-53
-53
-52
-52
-56
-56
-52
-53
-59
-58
-55
-52
-52
-52
-52
-55
-54
-54
-54
-52
-52
-61
-61
-61
-61
-53
-53
-53
-53
-51
-52
-61
-61
-53
-53
-53
-53
-51
-51
-59
-59
-53
-53
-51
-51
-53
-53
-52
-52
-59
-59
-51
-51
-52
-52
-51
-51
-61
-60
-60
-61
-61
-60
-60
-53
-53
-53
-52
-53
-51
-51
-61
-61
-53
-53
-52
-52
-53
-61
-51
-51
-51
-51
-53
-53
-52
-60
-59
-53
-53
-51
-52
-62
-60
-60
-52
-52
-51
-51
-51
-53
-52
-51
-51
-51
-62
-51
-51
-60
-53
-53
-51
-51
-61
-60
-53
-53
-60
-60
-53
-53
-57
-57
-53
-53
-51
-51
-61
-61
-53
-53
-52
-51
-60
-60
-51
-53
-53
-51
-51
-60
-61
-53
-53
-51
-51
-52
-52
-62
-62
-52
-52
-61
-62
-53
-53
-52
-52
-61
-61
-51
-51
-63
-63
-51
-67
-66
-53
-53
-52
-52
-59
-59
-63
-63
-52
-52
-52
-52
-61
-64
-64
-54
-54
-53
-53
-52
-52
-52
-54
-54
-52
-54
-54
-52
-52
-53
-54
-52
-63
-63
-63
-54
-52
-52
-52
-52
-61
-61
-52
-52
-61
-61
-53
-53
-52
-52
-62
-62
-63
-63
-54
-54
-64
-64
-53
-53
-52
-52
-61
-61
-54
-54
-51
-51
-54
-54
-52
-52
-55
-54
-52
-52
-62
-54
-54
-53
-53
-54
-54
-65
-65
-52
-65
-66
-53
-53
-53
-52
-52
-64
-64
-53
-53
-52
-52
-53
-53
-66
-66
-53
-54
-52
-51
-66
-66
-51
-51
-66
-66
-53
-53
-65
-64
-54
-54
-66
-65
-53
-53
-65
-65
-53
-53
-51
-51
-68
-68
-53
-53
-52
-52
-53
-53
-67
-67
-53
-53
-52
-52
-67
-69
-67
-52
-52
-52
-52
-52
-52
-52
-73
-53
-53
-52
-52
-71
-71
-51
-52
-69
-52
-52
-75
-53
-53
-61
-53
-53
-53
-53
-52
-52
-53
-53
-70
-70
-52
-52
-52
-73
-73
-52
-52
-52
-53
-53
-52
-52
-72
-76
-53
-73
-51
-67
-53
-53
-51
-51
-53
-53
-51
-51
-70
-71
-71
-54
-52
-51
-52
-52
-51
-51
-52
-52
-53
-53
-74
-51
-51
-53
-53
-53
-53
-52
-52
-52
-52
-51
-51
-51
-54
-54
-52
-52
-51
-51
-76
-76
-53
-53
-51
-51
-54
-54
-79
-73
-52
-52
-54
-54
-51
-51
-54
-54
-51
-51
-53
-54
-54
-51
-51
-53
-53
-72
-73
-53
-53
-51
-51
-74
-53
-53
-52
-52
-68
-68
-54
-54
-52
-52
-52
-67
-67
-54
-52
-52
-67
-67
-52
-52
-67
-53
-53
-51
-51
-51
-51
-51
-51
-70
-70
-54
-54
-71
-53
-53
-51
-51
-52
-52
-72
-72
-54
-54
-51
-51
-70
-71
-53
-53
-54
-51
-51
-54
-54
-51
-51
-71
-71
-54
-54
-52
-52
-52
-52
-69
-69
-55
-54
-54
-54
-54
-52
-52
-49
-54
-54
-77
-77
-54
-54
-52
-52
-52
-69
-69
-54
-55
-53
-53
-52
-52
-52
-54
-53
-52
-52
-52
-52
-72
-54
-54
-54
-54
-51
-51
-54
-54
-54
-54
-51
-51
-54
-51
-52
-54
-54
-53
-53
-52
-52
-54
-54
-52
-52
-66
-53
-53
-74
-74
-52
-52
-54
-54
-51
-51
-53
-53
-51
-51
-51
-51
-51
-51
-51
-51
-53
-53
-51
-51
-76
-76
-54
-53
-71
-54
-54
-51
-51
-73
-73
-51
-51
-51
-51
-53
-53
-51
-51
-71
-71
-51
-51
-51
-51
-69
-69
-51
-51
-54
-54
-51
-51
-51
-71
-53
-53
-61
-70
-68
-71
-71
-54
-54
-53
-53
-51
-51
-51
-51
-55
-66
-66
-51
-51
-51
-51
-53
-53
-67
-51
-51
-54
-54
-71
-71
-51
-51
-53
-53
-51
-51
-54
-54
-51
-51
-67
-67
-67
-67
-54
-54
-68
-68
-54
-54
-51
-51
-68
-51
-51
-54
-51
-51
-69
-69
-54
-54
-51
-51
-54
-53
-54
-54
-67
-67
-51
-65
-65
-51
-51
-65
-67
-54
-54
-51
-51
-66
-66
-55
-55
-51
-51
-65
-65
-63
-63
-51
-51
-62
-62
-54
-54
-51
-51
-62
-62
-53
-54
-50
-50
-50
-51
-53
-53
-51
-51
-63
-63
-54
-54
-50
-50
-51
-51
-63
-63
-54
-53
-51
-51
-64
-64
-53
-53
-51
-51
-63
-63
-51
-51
-50
-51
-50
-50
-54
-54
-51
-49
-51
-51
-53
-51
-51
-63
-63
-54
-54
-51
-51
-51
-70
-69
-54
-54
-55
-55
-51
-51
-51
-67
-67
-54
-68
-68
-54
-54
-51
-51
-67
-53
-53
-54
-54
-54
-54
-54
-52
-52
-52
-51
-52
-51
-51
-53
-51
-51
-53
-65
-65
-51
-51
-53
-53
-51
-65
-53
-53
-51
-51
-53
-53
-53
-53
-51
-51
-66
-53
-53
-65
-54
-53
-53
-52
-52
-52
-52
-52
-62
-63
-55
-54
-51
-51
-64
-64
-51
-52
-51
-51
-64
-64
-53
-53
-51
-51
-66
-66
-51
-51
-64
-64
-52
-52
-56
-57
-51
-51
-55
-55
-51
-51
-54
-54
-54
-54
-51
-51
-67
-67
-54
-54
-51
-51
-54
-54
-51
-51
-64
-65
-54
-53
-53
-52
-52
-51
-51
-51
-51
-52
-52
-53
-51
-51
-50
-50
-67
-67
-53
-52
-52
-52
-52
-52
-67
-67
-53
-53
-52
-52
-68
-68
-52
-52
-53
-53
-54
-53
-53
-53
-53
-53
-69
-53
-53
-53
-53
-72
-54
-54
-52
-52
-53
-53
-52
-52
-66
-66
-55
-55
-54
-55
-55
-54
-54
-66
-54
-61
-53
-54
-55
-55
-62
-62
-54
-55
-54
-54
-51
-51
-63
-63
-61
-61
-53
-60
-60
-52
-53
-51
-51
-62
-62
-52
-52
-63
-63
-54
-60
-60
-54
-53
-53
-61
-61
-55
-55
-51
-51
-64
-64
-61
-61
-52
-52
-60
-59
-51
-51
-56
-56
-59
-59
-51
-51
-55
-55
-61
-61
-53
-53
-65
-65
-52
-52
-52
-52
-61
-51
-51
-62
-62
-51
-51
-61
-61
-51
-51
-63
-62
-53
-54
-51
-51
-60
-60
-54
-55
-52
-52
-61
-61
-53
-61
-54
-55
-56
-59
-59
-54
-54
-51
-64
-64
-67
-67
-52
-52
-61
-61
-52
-52
-62
-62
-54
-51
-52
-55
-52
-52
-63
-63
-64
-65
-55
-55
-54
-54
-51
-51
-61
-61
-60
-60
-62
-62
-63
-51
-51
-55
-64
-64
-54
-60
-60
-55
-62
-52
-52
-54
-54
-51
-62
-62
-52
-52
-52
-52
-52
-52
-63
-61
-61
-54
-52
-52
-52
-52
-52
-61
-55
-55
-51
-52
-52
-52
-52
-61
-61
-61
-51
-51
-51
-51
-61
-62
-51
-51
-51
-51
-61
-61
-55
-55
-52
-52
-52
-52
-66
-66
-63
-55
-52
-52
-51
-51
-54
-52
-52
-53
-62
-55
-55
-51
-51
-53
-53
-60
-60
-53
-53
-60
-59
-51
-51
-54
-53
-52
-52
-61
-61
-52
-52
-55
-55
-51
-51
-60
-60
-55
-55
-56
-56
-52
-52
-58
-59
-53
-62
-62
-56
-56
-51
-51
-58
-58
-53
-53
