-49
-49
-51
-50
-55
-55
-60
-59
-52
-53
-69
-53
-53
-49
-49
-52
-52
-49
-49
-53
-53
-73
-52
-52
-53
-53
-50
-53
-71
-71
-53
-53
-53
-53
-50
-50
-71
-71
-71
-70
-52
-52
-53
-53
-50
-53
-53
-53
-53
-49
-49
-53
-53
-50
-53
-53
-50
-50
-66
-52
-52
-53
-49
-49
-50
-50
-68
-69
-68
-53
-53
-53
-50
-50
-72
-72
-52
-50
-50
-71
-71
-53
-53
-49
-49
-66
-49
-49
-72
-73
-53
-53
-52
-52
-52
-52
-49
-49
-70
-49
-49
-71
-71
-69
-70
-52
-52
-49
-49
-49
-49
-48
-48
-71
-72
-53
-53
-49
-49
-70
-70
-49
-49
-53
-53
-54
-53
-69
-69
-49
-49
-53
-53
-49
-49
-49
-49
-69
-69
-53
-53
-49
-49
-69
-69
-49
-49
-69
-49
-49
-69
-69
-53
-53
-49
-49
-68
-68
-53
-53
-49
-49
-49
-49
-66
-66
-53
-53
-49
-49
-68
-68
-49
-53
-54
-49
-49
-67
-53
-53
-50
-49
-50
-68
-68
-53
-53
-49
-49
-70
-70
-53
-53
-49
-49
-53
-53
-49
-49
-49
-49
-68
-68
-53
-53
-49
-49
-66
-53
-53
-53
-49
-49
-49
-49
-70
-70
-69
-69
-53
-68
-68
-53
-53
-49
-53
-53
-68
-68
-53
-52
-53
-53
-68
-69
-53
-53
-50
-50
-70
-70
-49
-49
-53
-53
-50
-50
-67
-66
-53
-53
-50
-50
-68
-68
-53
-53
-49
-49
-49
-49
-71
-53
-53
-53
-53
-49
-49
-71
-71
-52
-52
-49
-49
-68
-53
-53
-49
-49
-53
-53
-53
-53
-49
-49
-68
-68
-52
-52
-49
-50
-66
-66
-53
-53
-49
-50
-54
-53
-50
-50
-67
-65
-71
-71
-53
-53
-53
-65
-53
-50
-49
-67
-50
-50
-53
-53
-67
-67
-50
-50
-53
-66
-66
-51
-51
-53
-53
-50
-50
-69
-68
-50
-53
-53
-53
-53
-53
-50
-67
-68
-68
-65
-53
-53
-53
-53
-53
-53
-49
-49
-67
-67
-53
-53
-49
-49
-66
-66
-53
-53
-49
-49
-66
-66
-69
-68
-53
-53
-49
-49
-67
-67
-52
-52
-49
-49
-63
-63
-53
-53
-49
-49
-66
-67
-49
-49
-49
-49
-67
-67
-49
-49
-68
-49
-49
-53
-53
-49
-49
-67
-53
-53
-49
-49
-66
-66
-53
-53
-50
-50
-53
-53
-49
-49
-50
-50
-69
-69
-73
-73
-53
-53
-53
-53
-49
-49
-49
-52
-53
-49
-49
-73
-73
-54
-54
-50
-49
-67
-66
-53
-54
-70
-71
-49
-49
-49
-49
-53
-67
-67
-49
-53
-53
-66
-65
-64
-53
-53
-69
-69
-49
-53
-52
-70
-52
-53
-68
-53
-53
-53
-49
-49
-68
-53
-53
-53
-49
-49
-49
-49
-67
-67
-49
-49
-67
-69
-69
-53
-53
-49
-49
-49
-49
-70
-70
-52
-52
-66
-67
-53
-53
-50
-50
-53
-53
-53
-53
-50
-65
-53
-53
-53
-53
-49
-49
-49
-53
-53
-53
-53
-49
-49
-65
-65
-53
-52
-52
-52
-49
-49
-67
-67
-49
-49
-53
-53
-49
-49
-53
-53
-49
-49
-70
-70
-50
-50
-68
-67
-68
-52
-52
-52
-53
-50
-50
-50
-68
-68
-67
-67
-52
-52
-52
-52
-49
-49
-66
-66
-66
-67
-52
-52
-49
-49
-49
-49
-53
-53
-49
-49
-65
-65
-52
-52
-49
-49
-72
-70
-69
-52
-52
-71
-71
-52
-49
-49
-71
-52
-52
-49
-49
-67
-67
-52
-52
-69
-69
-49
-49
-68
-68
-69
-69
-52
-50
-50
-69
-50
-52
-52
-50
-50
-50
-49
-58
-50
-50
-69
-69
-53
-53
-50
-50
-68
-68
-67
-52
-52
-67
-52
-52
-52
-49
-50
-52
-53
-50
-52
-53
-50
-50
-52
-52
-49
-49
-65
-65
-50
-49
-49
-50
-50
-65
-65
-52
-52
-48
-48
-52
-52
-48
-48
-60
-60
-52
-52
-72
-72
-52
-48
-48
-75
-53
-53
-48
-48
-69
-52
-52
-69
-53
-48
-48
-69
-52
-52
-49
-49
-52
-52
-68
-68
-68
-52
-52
-48
-48
-53
-53
-49
-49
-48
-49
-49
-49
-67
-53
-53
-52
-48
-49
-49
-49
-70
-69
-69
-53
-52
-71
-49
-69
-48
-48
-66
-67
-49
-49
-53
-52
-52
-70
-48
-48
-52
-70
-70
-48
-48
-52
-52
-49
-49
-52
-52
-52
-52
-48
-48
-76
-71
-71
-52
-52
-52
-71
-71
-72
-72
-52
-52
-48
-48
-49
-49
-52
-52
-52
-48
-49
-48
-49
-72
-52
-52
-52
-52
-73
-73
-53
-52
-48
-48
-72
-72
-52
-52
-48
-48
-72
-72
-49
-49
-52
-52
-48
-48
-52
-52
-48
-48
-52
-52
-48
-48
-49
-48
-79
-79
-48
-48
-72
-71
-66
-65
-49
-49
-54
-54
-48
-54
-54
-48
-48
-54
-68
-68
-54
-54
-54
-48
-54
-48
-48
-69
-68
-68
-68
-54
-49
-54
-48
-49
-70
-71
-70
-54
-48
-48
-54
-54
-54
-54
-48
-48
-70
-70
-54
-54
-48
-48
-70
-70
-54
-54
-48
-48
-70
-70
-53
-53
-48
-48
-64
-66
-48
-48
-70
-54
-54
-54
-49
-49
-48
-48
-53
-53
-68
-68
-55
-49
-49
-69
-69
-52
-53
-48
-48
-68
-69
-53
-53
-48
-48
-67
-67
-67
-67
-54
-54
-48
-48
-71
-71
-54
-54
-49
-54
-54
-54
-54
-49
-49
-54
-54
-49
-49
-54
-54
-49
-49
-69
-68
-49
-49
-69
-69
-49
-49
-55
-49
-49
-70
-54
-54
-49
-49
-54
-54
-49
-49
-54
-54
-49
-49
-67
-68
-55
-54
-49
-49
-68
-54
-55
-49
-49
-68
-68
-49
-49
-71
-49
-49
-69
-70
-55
-55
-49
-49
-67
-67
-55
-55
-49
-49
-54
-54
-49
-49
-61
-54
-54
-49
-49
-54
-54
-71
-71
-54
-54
-49
-49
-66
-54
-54
-49
-49
-72
-72
-54
-54
-49
-49
-69
-69
-54
-54
-49
-49
-71
-71
-55
-55
-49
-49
-68
-68
-55
-55
-49
-49
-68
-55
-54
-48
-48
-67
-67
-54
-54
-66
-55
-55
-49
-49
-71
-49
-49
-70
-70
-55
-55
-49
-49
-72
-72
-49
-49
-67
-67
-55
-55
-69
-69
-49
-49
-49
-49
-75
-55
-55
-55
-55
-55
-49
-49
-49
-55
-55
-55
-55
-49
-49
-49
-49
-49
-54
-54
-48
-48
-71
-71
-55
-55
-49
-49
-70
-70
-55
-55
-49
-49
-71
-72
-72
-73
-55
-55
-49
-49
-49
-49
-68
-54
-54
-54
-53
-48
-48
-68
-68
-49
-49
-72
-72
-55
-48
-48
-54
-54
-49
-49
-55
-68
-68
-55
-55
-55
-68
-68
-70
-70
-54
-55
-49
-49
-49
-49
-70
-70
-54
-55
-48
-49
-55
-49
-49
-54
-54
-48
-48
-55
-55
-48
-48
-73
-73
-49
-49
-49
-48
-67
-68
-49
-49
-48
-48
-54
-54
-48
-48
-66
-66
-55
-55
-53
-68
-53
-53
-48
-48
-54
-54
-49
-49
-53
-53
-72
-72
-53
-53
-50
-50
-68
-51
-51
-75
-76
-49
-49
-73
-73
-49
-49
-71
-71
-49
-49
-70
-54
-54
-69
-69
-50
-54
-54
-50
-50
-50
-50
-50
-50
-68
-68
-67
-67
-55
-55
-55
-50
-55
-50
-49
-75
-68
-68
-55
-50
-70
-70
-70
-55
-55
-69
-70
-55
-55
-51
-51
-69
-69
-56
-56
-50
-51
-51
-51
-56
-56
-71
-51
-51
-71
-72
-57
-56
-51
-51
-71
-71
-51
-51
-70
-51
-51
-68
-69
-51
-51
-55
-56
-56
-51
-51
-74
-74
-55
-55
-51
-51
-55
-54
-68
-68
-55
-55
-51
-51
-55
-55
-50
-50
-77
-77
-54
-54
-54
-54
-49
-50
-49
-50
-50
-53
-53
-53
-50
-50
-50
-72
-72
-53
-53
-51
-51
-68
-68
-53
-53
-50
-50
-53
-53
-50
-50
-53
-53
-54
-54
-71
-50
-79
-79
-54
-54
-49
-49
-71
-71
-50
-51
-49
-49
-55
-55
-49
-71
-54
-54
-49
-49
-54
-54
-50
-50
-55
-54
-55
-54
-72
-71
