-56
-53
-53
-57
-57
-71
-71
-54
-61
-72
-72
-54
-54
-74
-74
-58
-57
-54
-54
-66
-66
-56
-55
-53
-53
-66
-67
-55
-55
-54
-54
-66
-66
-56
-56
-66
-66
-54
-54
-53
-60
-60
-56
-58
-58
-75
-74
-53
-54
-54
-56
-56
-56
-69
-69
-54
-54
-53
-53
-56
-56
-56
-56
-68
-68
-53
-53
-56
-56
-68
-53
-53
-56
-56
-68
-68
-53
-53
-56
-56
-53
-53
-56
-56
-68
-68
-53
-53
-56
-56
-68
-68
-53
-53
-56
-56
-68
-68
-56
-56
-68
-68
-53
-53
-56
-56
-53
-53
-56
-56
-68
-68
-53
-53
-68
-68
-53
-53
-56
-56
-68
-68
-53
-53
-56
-56
-68
-68
-53
-53
-56
-56
-68
-68
-53
-53
-56
-56
-68
-68
-53
-53
-56
-56
-53
-56
-56
-68
-68
-53
-53
-68
-68
-53
-53
-56
-56
-53
-54
-56
-56
-68
-68
-53
-53
-53
-56
-56
-68
-68
-69
-69
-53
-53
-56
-56
-68
-68
-56
-56
-53
-53
-68
-68
-53
-53
-56
-56
-68
-68
-53
-53
-69
-69
-56
-56
-53
-53
-68
-68
-53
-53
-54
-54
-56
-56
-68
-68
-53
-53
-56
-56
-68
-68
-53
-56
-56
-56
-56
-56
-68
-68
-56
-56
-68
-68
-53
-53
-56
-56
-68
-68
-53
-53
-68
-68
-53
-53
-56
-56
-68
-68
-53
-53
-56
-56
-53
-53
-56
-56
-53
-53
-56
-56
-69
-69
-56
-56
-68
-68
-53
-53
-56
-56
-53
-53
-56
-55
-56
-56
-56
-68
-69
-56
-53
-53
-68
-69
-53
-53
-56
-56
-68
-69
-53
-53
-53
-53
