-67
-55
-76
-76
-54
-54
-75
-75
-54
-54
-61
-61
-60
-60
-54
-54
-67
-67
-64
-64
-67
-67
-62
-62
-53
-53
-53
-53
-72
-72
-61
-60
-62
-56
-53
-53
-69
-70
-62
-53
-53
-66
-66
-60
-60
-52
-67
-60
-60
127
127
-52
-53
-53
-60
-60
-59
-52
-52
-53
-53
-67
-53
-53
-60
-60
-52
-52
-53
-53
-68
-68
-53
-53
-70
-70
-60
-54
-54
-53
-53
-71
-72
-60
-60
-59
-59
-53
-53
-51
-53
-53
-70
-70
-60
-60
-53
-53
-55
-54
-69
-69
-60
-60
-53
-68
-68
-69
-69
-51
-68
-69
-60
-60
-53
-53
-60
-60
-53
-53
-68
-60
-53
-53
-60
-68
-68
-60
-60
-53
-54
-68
-68
-53
-68
-68
-60
-60
-68
-68
-61
-60
-53
-53
-67
-67
-61
-68
-68
-61
-54
-54
-65
-65
-60
-60
-53
-53
-67
-67
-60
-60
-53
-54
-58
-59
-53
-53
-67
-68
-59
-59
-67
-67
-59
-59
-53
-53
-60
-60
-70
-70
-59
-70
-70
-60
-59
-53
-54
-68
-68
-58
-58
-60
-60
-53
-53
-54
-65
-64
-60
-60
-54
-54
-54
-66
-66
-59
-59
-53
-53
-67
-59
-59
-66
-66
-53
-53
-53
-53
-59
-59
-53
-53
-52
-52
-53
-52
-53
-59
-59
-64
-64
-54
-54
-58
-58
-53
-53
-53
-53
-70
-70
-62
-61
-55
-55
-67
-67
-62
-62
-68
-68
-61
-61
-53
-53
-69
-69
-54
-61
-54
-53
-53
-58
-67
-67
-50
-61
-53
-54
-58
-57
-60
-60
-53
-53
-67
-67
-62
-62
-52
-52
-65
-66
-60
-53
-66
-66
-53
-53
-73
-53
-53
-60
-60
-52
-52
-71
-71
-71
-71
-61
-53
-53
-52
-71
-71
-54
-54
-69
-69
-51
-51
-62
-62
-53
-53
-68
-61
-61
-52
-53
-75
-75
-63
-63
-53
-62
-54
-53
-55
-63
-63
-53
-54
-54
-70
-55
-62
-62
-53
-53
-53
-63
-63
-57
-57
-49
-53
-53
-65
-65
-52
-61
-61
-58
-58
-52
-51
-51
-51
-68
-68
-65
-65
-58
-58
-53
-53
-52
-52
-66
-54
-54
-71
-71
-50
-70
-70
-64
-65
-55
-69
-69
-62
-53
-53
-67
-67
-51
-63
-63
-53
-53
-69
-63
-63
-53
-53
-64
-64
-64
-64
-53
-53
-69
-69
-64
-64
-64
-64
-53
-53
-68
-69
-64
-64
-68
-68
-67
-67
-65
-64
-53
-53
-67
-67
-65
-65
-65
-65
-53
-65
-65
-53
-53
-67
-67
-64
-64
-66
-53
-53
-68
-68
-62
-62
-53
-53
-68
-63
-63
-53
-67
-67
-63
-63
-63
-63
-53
-53
-63
-64
-64
-64
-62
-52
-52
-62
-63
-63
-63
-52
-51
-63
-55
-55
-64
-64
-67
-67
-62
-62
-60
-60
-69
-61
-55
-55
-66
-66
-61
-61
-55
-55
-72
-61
-61
-58
-58
-69
-69
-59
-59
-72
-72
-60
-60
-53
-53
-72
-72
-61
-61
-54
-54
-62
-62
-54
-71
-71
-61
-61
-54
-54
-69
-69
-60
-60
-54
-54
-68
-69
-54
-54
-54
-54
-70
-62
-62
-55
-69
-69
-61
-61
-54
-54
-67
-61
-61
-62
-62
-67
-67
-62
-62
-54
-54
-70
-70
-62
-62
-62
-54
-62
-62
-54
-54
-73
-73
-62
-54
-54
-70
-71
-63
-63
-62
-61
-54
-55
-69
-69
-62
-62
-53
-53
-61
-62
-62
-62
-62
-62
-50
-50
-55
-55
127
127
-73
-72
-55
-55
-62
-62
-50
-54
-54
-56
-60
-61
-61
-53
-67
-67
-54
-53
-65
-62
-62
-55
-69
-68
-55
-55
-67
-67
-63
-63
-55
-55
-66
-66
-65
-65
-64
-54
-64
-64
-62
-62
-62
-60
-65
-65
-55
-63
-63
-60
-60
-55
-55
-60
-65
-60
-55
-55
-60
-60
-61
-61
-54
-69
-69
-54
-54
-73
-73
-60
-60
-67
-66
-62
-53
-64
-63
-61
-61
-66
-66
-66
-60
-60
-53
-53
-57
-57
-51
-51
-55
-55
-59
-59
-53
-53
-59
-59
-71
-71
-59
-59
-50
-50
-53
-53
-55
-59
-59
-50
-50
-68
-68
-60
-49
-60
-60
-60
-60
-60
-53
-53
-64
-60
-60
-54
-54
-64
-64
-57
-57
-57
-57
-58
-58
-53
-53
-53
-53
-72
-72
-58
-54
-54
-58
-58
-58
-58
-54
-54
-73
-73
-59
-59
-70
-69
-55
-55
-54
-79
-53
-54
-76
-77
-59
-59
-58
-58
-73
-59
-59
-54
-54
-59
-59
-54
-54
-59
-60
-54
-54
-80
-54
-59
-59
-54
-59
-74
-59
-59
-55
-54
-60
-60
-57
-57
-50
-59
-59
-55
-53
-53
-59
-59
-57
-55
-55
-49
-55
-72
-72
-59
-59
-52
-54
-53
-55
-59
-59
-73
-73
-59
-59
-55
-55
-59
-55
-55
-72
-60
-54
-54
-55
-55
-73
-59
-59
-71
-71
-59
-59
-55
-55
-70
-70
-54
-54
-66
-66
-71
-71
-63
-63
-53
-53
-67
-67
-62
-54
-54
-67
-67
-62
-62
-54
-54
-67
-67
-63
-63
-54
-54
-67
-67
-54
-54
-54
-67
-67
-62
-62
-66
-55
-55
-66
-65
-60
-60
-55
-55
-62
-61
-54
-54
-70
-70
-62
-62
-68
-61
-61
-68
-68
-61
-61
-69
-61
-61
-55
-55
-62
-62
-54
-54
-67
-67
-55
-55
-61
-61
-55
-55
-67
-67
-55
-55
-61
-60
-67
-67
-68
-57
-68
-52
-52
-67
-67
-53
-53
-61
-55
-55
-61
-61
-57
-58
-55
-55
-55
-60
-60
-60
-60
-55
-55
-70
-58
-54
-54
-61
-61
-54
-54
-54
127
127
-68
-50
-60
-60
-55
-55
-71
-71
-63
-62
-75
-75
-62
-62
-62
-62
-54
-55
-59
-59
-61
-60
-60
-55
-55
-78
-78
-59
-67
-67
-61
-60
-53
-60
-53
-69
-69
-62
-61
-56
-56
-70
-70
-53
-53
-53
-52
-69
-69
-61
-61
-60
-69
-61
-61
-52
-68
-68
-57
-67
-66
-62
-62
-62
-62
-57
-57
-58
-68
-61
-53
-53
-67
-67
-61
-61
-59
-60
-60
-53
-56
-53
-67
-53
-61
-61
-68
-68
-67
-67
-53
-50
-50
-53
-53
-68
-60
-60
-53
-52
-65
-66
-58
-61
-61
-61
-49
-61
-53
-52
-58
-63
-63
-53
-53
-66
-66
-61
-61
-53
-53
-65
-62
-62
-62
-54
-54
-67
-66
-48
-67
-67
-62
-62
-53
-65
-65
-62
-62
-53
-53
-61
-61
127
127
-52
-56
-62
-49
-62
-53
-66
-62
-65
-62
-53
-53
