-54
-54
-55
-55
-59
-59
-60
-60
-65
-65
-60
-60
-55
-55
-65
-65
-60
-60
-55
-59
-67
-66
-66
-55
-55
-65
-65
-60
-60
-65
-65
-60
-60
-65
-65
-60
-60
-60
-60
-60
-60
-55
-55
-63
-63
-55
-55
-55
-55
-55
-64
-64
-59
-60
-55
-55
-55
-55
-64
-65
-59
-60
-64
-64
-59
-59
-55
-55
-65
-65
-57
-57
-62
-62
-63
-55
-53
-54
-61
-61
-55
-53
-59
-62
-53
-59
-59
-64
-64
-60
-52
-60
-55
-60
-55
-66
-66
-53
-56
-56
-61
-61
-64
-64
-63
-63
-65
-65
-67
-59
-59
-66
-65
-59
-59
-65
-57
-57
-59
-59
-59
-59
-59
-59
-58
-60
-57
-57
-53
-65
-66
-64
-65
-58
-59
-59
-56
-56
-58
-59
-56
-56
-64
-64
-59
-59
-55
-55
-64
-64
-64
-58
-58
-56
-62
-61
-59
-59
-61
-61
-58
-58
-59
-59
-55
-55
-62
-62
-59
-59
-62
-62
-59
-59
-54
-54
-55
-62
-62
-55
-62
-62
-59
-59
-55
-55
-59
-59
-63
-63
-55
-55
-55
-66
-65
-58
-54
-54
-65
-65
-54
-54
-55
-61
-61
-62
-56
-56
-62
-62
-56
-56
-64
-62
-57
-57
-63
-63
-63
-58
-58
-62
-62
-62
-56
-56
-62
-62
-61
-60
-60
-55
-55
-60
-60
-57
-60
-60
-56
-56
-60
-59
-58
-61
-61
-60
-56
-59
-56
-59
-60
-57
-57
-55
-55
-57
-57
-54
-53
-58
-58
-53
-53
-53
-53
-70
-70
-69
-57
-57
-53
-53
-53
-53
-57
-57
-69
-53
-53
-60
-65
-57
-57
-64
-64
-63
-63
-53
-53
-54
-57
-56
-62
-62
-54
-53
-54
-56
-56
-56
-60
-60
-54
-53
-54
-57
-57
-54
-53
-63
-56
-62
-63
-54
-54
-59
-59
-58
-58
-58
-58
-54
-64
-64
-54
-54
-58
-58
-62
-57
-57
-61
-61
-54
-54
-56
-56
-62
-62
-54
-55
-57
-57
-54
-54
-58
-59
-59
-60
-58
-58
-59
-61
-61
-65
-65
-64
-65
-58
-58
-60
-60
-58
-58
-52
-64
-59
-53
-53
-58
-58
-65
-65
-62
-62
-58
-58
-63
-63
-63
-61
-56
-56
-53
-53
-58
-58
-63
-63
-62
-57
-57
-62
-63
-63
-62
-51
-62
-58
-58
-63
-63
-63
-63
127
-60
-57
-66
-66
-61
-57
-57
-59
-59
-60
-60
-60
-61
-61
-75
-58
-59
-61
-61
-60
-60
-64
-59
-59
-67
-66
-59
-59
-58
-58
-58
-65
-65
-58
-58
-58
-58
-66
-65
-62
-62
-59
-59
-59
-59
-58
-58
-65
-66
-61
-61
-64
-58
-58
-59
-59
-63
-63
-58
-59
-59
-59
-58
-59
-59
-60
-61
-61
-65
-58
-59
-59
-63
-55
-55
-64
-63
-57
-57
-55
-60
-60
-58
-59
-59
-59
-60
-60
-66
-60
-67
-60
-60
-59
-60
-61
-61
-59
-59
-65
-65
-64
-64
-62
-62
-65
-62
-62
-64
-64
-58
-58
-59
-61
-66
-66
-58
-59
-59
-65
-65
-62
-61
-67
-67
-61
-61
-59
-59
-59
-66
-66
-60
-59
-67
-59
-59
-59
-58
-56
-59
-59
-66
-60
-60
-56
-56
-59
-58
-58
-60
-60
-64
-64
-56
-56
-60
-60
-59
-58
-63
127
-62
-58
-58
-65
-59
-59
-54
-54
-61
-62
-65
-54
-57
-57
-65
-60
-60
-55
-55
-59
-59
-62
-61
-60
-58
-58
-60
-60
-58
-59
-58
-63
127
127
-59
-59
-63
-63
-64
-53
-65
-65
-57
-57
-60
-61
-53
-63
-63
-59
-59
-57
-63
-63
-57
-58
-60
-60
-62
-66
-66
-59
-59
-59
-59
-57
-63
-63
-59
-59
-55
-55
-58
-63
-63
-60
-60
-60
-60
-59
-60
-60
-60
-60
-62
-62
-59
-59
-62
-62
-63
-63
-60
-60
-66
-60
-60
-60
-60
-72
-72
-59
-56
-56
-58
-57
-60
-58
-58
-59
-57
-59
-59
-71
-70
-60
-60
-72
-72
-60
-60
-57
-58
-58
-66
-60
-60
-57
-57
-68
-60
-60
-57
-56
-59
-57
-57
-67
-67
-60
-56
-57
-56
-56
-60
-60
-56
-56
-67
-67
-60
-60
127
127
-59
-56
-56
-66
-57
-56
-60
-58
-58
-59
-60
-60
-58
-66
-66
-66
-59
-59
-66
-59
-59
-58
-58
-65
-65
-58
-58
-65
-65
-60
-60
-59
-59
-58
-58
-65
-65
-60
-60
-61
-61
-59
-66
-66
-61
-61
-58
-58
-60
-61
-60
-60
-63
-63
-62
-62
-60
-60
-61
-63
-60
-60
-62
-61
-61
-60
-60
-60
-60
-60
-57
-57
-63
-61
-58
-58
-62
-62
-53
-53
-60
-60
-57
-56
-60
-60
-56
-56
-61
-61
-60
-60
-57
-59
-57
-57
-60
-59
-57
-57
-62
-63
-60
-61
-60
-60
-61
-61
-62
-62
-59
-60
-62
-60
-58
-58
-59
-59
-57
-58
-60
-60
-57
-59
-61
-61
-61
-61
-62
-62
-57
-57
-55
-57
-57
-63
-62
-62
-57
-56
-63
-63
-56
-57
-62
-62
-57
-57
-63
-63
-61
-61
-57
-63
-64
-62
-62
-64
-64
-56
-56
-63
-62
-56
-63
-62
-61
-61
-61
-61
-62
-62
-63
-62
-62
-57
-57
-61
-61
-56
-56
-59
-60
-61
-57
-57
-62
-61
-60
-60
-56
-61
-61
-61
-61
-61
-57
-57
-56
-56
-65
-56
-56
-64
-65
-55
-66
-63
-56
-57
-60
-56
-60
-61
-53
-53
-60
-60
-65
-56
-56
-63
-63
-56
-60
-60
-61
-61
-56
-56
-61
-61
-62
-57
-60
-60
-57
-57
-62
-62
-56
-56
-61
-61
-61
-57
-57
-60
-60
-58
-59
-57
-57
-60
-59
-60
-60
-60
-60
-57
-57
-62
-62
-60
-60
-59
-59
-57
-57
-69
-59
-59
-57
-67
-67
-72
-72
-72
-60
-60
-60
-58
-60
-60
-60
-59
-58
-58
-64
-64
-59
-58
-57
-62
-62
-60
-60
-62
-63
-60
-60
-57
-57
-63
-61
-60
-64
-64
-67
-68
-55
-65
-65
-55
-55
-64
-54
-55
-56
-56
-64
-64
-54
-56
-56
-67
-67
-62
-64
-64
-55
-55
-61
-61
-55
-62
-62
-54
-54
-64
-55
-55
-61
-53
-53
-60
-55
-69
-61
-61
-54
-68
-68
-66
-66
-55
-55
-61
-64
-64
-65
-65
-60
-65
-65
-60
-60
-63
-61
-55
-64
-61
-56
-55
-64
-64
-59
-59
-60
-59
-56
-56
-59
-59
-55
-63
-64
-56
-56
-65
-64
