-53
-54
-54
-56
-56
-53
-53
-51
-51
-56
-52
-52
-57
-57
-51
-51
-51
-52
-56
-56
-51
-51
-51
-51
-56
-56
-51
-51
-56
-56
-56
-52
-52
-52
-52
-52
-51
-52
-51
-56
-56
-52
-56
-56
-52
-52
-51
-62
-62
-56
-65
-57
-63
-65
-65
127
127
-55
-66
-51
-51
-58
-58
-51
-52
-51
-66
-66
-51
-55
-55
-51
-51
-64
-51
-51
-69
-56
-56
-52
-56
-56
-51
-51
-55
-55
-55
-55
-52
-52
-52
-51
-51
-59
-51
-50
-52
-52
-55
-55
-56
-56
-50
-50
-52
-52
-52
-52
-51
-51
-53
-66
-66
-52
-59
-56
-56
-52
-52
-52
-52
-54
-54
-55
-55
-59
-52
-52
-55
-55
-57
-51
-52
-51
-52
-56
-52
-52
-66
-65
-58
-58
-52
-52
-65
-52
-56
-56
-51
-51
-57
-56
-66
-66
-56
-56
-52
-56
-56
-51
-51
-52
-52
-55
-55
-51
-51
-51
-51
-55
-54
-54
-51
-55
-51
-51
-51
-56
-56
-55
-51
-51
-51
-51
-51
-51
-52
-52
-52
-51
-51
-52
-56
-52
-51
-51
-56
-56
-51
-51
-56
-51
-56
-56
-55
-52
-52
-51
-51
-52
-52
-51
-52
-51
-51
-51
-56
-52
-51
-51
-56
-52
-52
-52
-56
-56
-51
-51
-51
-52
-51
-51
-51
-51
-65
-56
-56
-51
-51
-67
-52
-52
-55
-55
-56
-56
-60
-64
-64
-50
-51
-51
-56
-56
-51
-56
-58
-51
-51
-51
-58
127
127
-60
-60
-58
-57
-57
-69
-69
-56
-56
-57
-57
-51
-51
-54
-58
-51
-52
-50
-56
-52
-52
-52
-52
-59
-59
-63
-63
-56
-56
-61
-50
-50
-57
-57
-56
-56
-50
-50
-64
-57
-57
-50
-57
-57
-57
-50
-50
-56
-56
-57
-57
-57
-57
-53
-52
-52
-52
-51
-56
-56
-52
-52
-57
-57
-52
-52
-83
-82
-51
-57
-57
-52
-52
-60
-60
-52
-52
-51
-51
-56
-52
-52
-56
-56
-51
-51
-52
-52
-57
-57
-57
-57
-51
-52
-52
-51
-51
-52
-52
-56
-56
-58
-58
-51
-51
-52
-52
-57
-57
-51
-51
-53
-51
-51
-52
-52
-57
-57
-52
-52
-57
-57
-52
-52
-52
-52
-57
-52
-56
-56
-56
-56
-51
-51
-57
-57
-53
-52
-57
-56
-56
-51
-51
-56
-62
-51
-51
-52
-52
-64
-64
-52
-52
-52
-52
-57
-57
-51
-51
-64
-64
-67
-67
-51
-56
-57
-51
-51
-51
-51
-56
-56
-50
-51
-51
-56
-56
-51
-57
-57
-51
-51
-51
-51
-58
-51
-51
-56
-56
-57
-57
-51
-51
-57
-57
-51
-56
-57
-51
-51
-51
-51
-62
-57
-57
-51
-50
-51
-65
-65
-62
-62
-51
-51
-52
-66
-56
-51
-51
-52
-52
-51
-51
-65
-66
-51
-52
-61
-61
-57
-57
-67
-66
-51
-62
-57
-57
-67
-62
-62
-67
-66
-52
-52
-63
-63
-56
-56
-62
-62
-50
-51
-51
-51
-66
-56
-51
-51
-51
-51
-64
-56
-56
-56
-56
-61
-51
-51
-65
-65
-56
-56
-61
-61
-52
-52
-56
-66
-65
-51
-51
-52
-52
-63
-51
-51
-51
-51
-56
-56
-52
-52
-56
-56
-51
-51
-51
-51
-52
-52
-56
-56
-51
-51
-56
-56
-51
-51
-51
-51
-56
-56
-51
-56
-56
-51
-51
-51
-51
-56
-52
-51
-56
-56
-52
-56
-56
-51
-51
-51
-52
-56
-56
-51
-56
-56
-51
-51
-57
-51
-51
-56
-56
-51
-51
-56
-56
-52
-56
-56
-53
-53
-56
-56
-53
-55
-51
-53
-56
-56
-51
-51
-55
-60
-49
-49
-50
-50
-50
-50
-50
-50
-50
-56
-56
-53
-53
-52
-59
-59
-52
-52
-59
-53
-56
-56
-50
-52
-51
-52
-56
-56
-53
-53
-57
-57
-56
-56
-56
-56
-64
-60
-60
-52
-52
-62
-62
-62
-52
-52
-61
-52
-63
-56
-57
-56
-60
-63
-63
-56
-62
-52
-52
-52
-61
-60
-56
-56
-61
-61
-52
-52
-59
-59
-51
-51
-51
-62
127
-53
-52
-53
-53
-51
-56
-56
-53
-51
-51
-56
-56
-61
-61
-52
-52
-50
-51
-51
-56
-52
-52
-52
-56
-61
-61
-53
-56
-56
-63
-56
-56
-56
-56
-53
-55
-52
-53
-53
-53
-56
-53
-53
-53
-53
-53
-53
-53
-53
-53
-56
-52
-53
-53
-56
-56
-53
-53
-63
-63
-52
-52
-56
-51
-54
-54
-53
-53
-52
-56
-56
-55
-55
-60
-60
-51
-55
-58
-52
-53
-50
-51
-50
-50
-59
-59
-51
-56
-56
-58
-58
-54
-56
-53
-55
-55
-55
-55
-54
-57
-57
-58
-58
-53
