-59
-68
-75
-75
-69
-69
-68
-68
-59
-59
-67
-67
-69
-69
-55
-60
-64
-64
-63
-63
-64
-64
-70
-70
-70
-70
-60
-60
-57
-57
-65
-66
-58
-57
-61
-75
-59
-60
-57
-57
-56
-56
-64
-64
-53
-54
-57
-80
-79
-59
-59
-70
-65
-65
-57
-56
-66
-66
-57
-57
-55
-55
-55
-55
-56
-56
-56
-61
-61
-55
-55
-54
-54
-49
-48
-61
-61
-55
-55
-55
-56
-55
-56
-56
-55
-55
-55
-55
-61
-61
-49
-55
-55
-56
-56
-48
-48
-55
-55
-63
-63
-49
-53
-53
-53
-53
-54
-54
-63
-63
-57
-57
-49
-49
-61
-61
-60
-60
-51
-57
-57
-51
-52
-62
-62
-52
-57
-67
-56
-49
-65
-65
-55
-56
-54
-54
-48
-48
-61
-61
-49
-57
-57
-62
-63
-57
-57
-54
-54
-55
-54
-57
-57
-49
-49
-54
-54
-62
-63
-50
-62
-62
-56
-56
-49
-49
-55
-55
-62
-62
-64
-64
-50
-50
-53
-53
-55
-54
-62
-62
-51
-51
-55
-55
-55
-51
-62
-62
-49
-49
-55
-55
-50
-50
-56
-56
-55
-55
-51
-61
-61
-55
-55
-50
-50
-55
-55
-60
-60
-50
-50
-57
-57
-50
-50
-61
-61
-54
-54
-54
-54
-52
-55
-55
-56
-56
-50
-54
-53
-56
-56
-54
-54
-60
-61
-56
-56
-59
-57
-56
-61
-61
-61
-51
-61
-50
-50
-54
-48
-54
-61
-60
-52
-52
-50
-54
-54
-48
-48
-61
-61
-55
-55
-60
-48
-55
-55
-52
-52
-54
-61
-61
-48
-52
-53
-54
-49
-49
-48
-48
-48
-48
-54
-54
-60
-60
-59
-60
-51
-51
-55
-49
-52
-52
-51
-52
-47
-53
-59
-60
-50
-50
-54
-54
-59
-59
-52
-54
-54
-54
-49
-54
-60
-60
-56
-54
-61
-60
-58
-53
-58
-53
-60
-57
-61
-56
-54
-60
-56
-54
-56
-56
-53
-56
-53
-60
-56
-54
-56
-53
-60
-54
-61
-55
-54
-56
-54
-60
-54
-60
-56
-54
-54
-56
-54
-61
-56
-54
-61
-61
-55
-60
-56
-61
-61
-55
-54
-56
-56
-54
-55
-62
-62
-56
-56
-60
-60
-56
-56
-50
-56
-49
-55
-54
-54
-61
-50
-61
-55
-56
-50
-50
-48
-48
-61
-61
-60
-61
-54
-54
-60
-60
-55
-55
-55
-55
-55
-55
-50
-55
-55
-49
-55
-55
-51
-50
-50
-55
-55
-48
-48
-55
-55
-52
-52
-60
-61
-50
-50
-55
-55
-55
-55
-53
-55
-55
-55
-55
-61
-61
-55
-55
-55
-55
-60
-60
-61
-60
-55
-55
-55
-55
-61
-61
-55
-55
-60
-61
-55
-55
-55
-55
-55
-55
-61
-61
-55
-55
-61
-60
-55
-55
-55
-55
-55
-55
-55
-55
-55
-55
-55
-55
-55
-55
-55
-55
-56
-56
-62
-62
-55
-55
-53
-53
-56
-55
-65
-65
-54
-54
-63
-55
-55
-55
-55
-54
-54
127
-63
-63
-49
-49
-55
-55
-50
-50
-55
-54
-54
-54
-54
-54
-55
-55
-55
-55
-60
-60
-55
-55
-54
-54
-61
-52
-61
-55
-55
-57
-57
-61
-61
-50
-50
-54
-54
-55
-55
127
-60
-49
-54
-54
-50
-50
-60
-49
-54
-54
-48
-56
-56
-49
-49
-53
-53
-62
-62
-50
-49
-54
-54
-52
-56
-56
-49
-61
-61
-55
-55
-62
-62
-55
-55
-61
-61
-54
-54
-54
-62
-62
-49
-49
-55
-56
-62
-62
-48
-54
-54
-56
-56
-48
-54
-54
-52
-53
-50
-50
-49
-49
-55
-54
-54
-54
-56
-56
-62
-62
-49
-54
-54
-54
-54
-55
-55
-49
-49
-53
-53
-62
-62
-55
-55
-49
-49
-56
-56
-52
-62
-62
-54
-54
-49
-49
-56
-56
-52
-49
-49
-52
-54
-54
-56
-56
-62
-55
-55
-50
-56
-56
-49
-62
-61
-54
-62
-62
-54
-54
-51
-51
-62
-61
-49
-56
-61
-61
127
-54
-62
-62
-56
-56
-61
-61
-55
-55
-62
-63
-49
-49
-55
-55
-55
-55
-62
-62
-55
-55
-61
-61
-54
-54
-55
-55
-61
-61
-50
-49
-53
-53
-54
-55
-54
-57
-57
-62
-63
-55
-55
-62
-62
-62
-62
-57
-57
-62
-62
-54
-54
-57
-57
-61
-61
-54
-54
-57
-57
-62
-62
-54
-54
-60
-56
-56
-54
-54
-56
-56
-61
-61
-53
-53
-56
-56
-57
-57
-62
-62
-55
-55
-57
-57
-62
-62
-55
-55
-57
-57
-57
-57
-62
-62
-55
-55
-57
-57
-62
-62
-55
-55
-57
-57
-62
-62
-55
-55
-56
-57
-55
-55
-57
-57
-62
-62
-57
-57
-62
-62
-57
-57
-57
-62
-62
-55
-54
-57
-57
-55
-55
-57
-57
-54
-55
-55
-49
-49
-50
-57
-57
-62
-62
127
-55
-55
-55
-55
-51
-57
-57
-61
-61
-50
-50
-50
-51
-51
-51
127
127
-61
-51
-61
-55
-54
-50
-50
-62
-62
-50
-53
-53
-62
-62
-56
-56
-50
-50
-50
-50
-55
-55
-52
-55
-55
-50
-50
-55
-55
-56
-56
-56
-56
-61
-61
-62
-62
-54
-54
-50
-50
-55
-56
-52
-52
-62
-62
-50
-50
-50
-53
-52
-62
-49
-50
-50
-54
-54
-57
-56
-60
-60
-56
-56
-62
-62
-54
-54
-62
-62
-56
-56
-62
-62
-54
-54
-56
-56
-62
-62
-55
-55
-56
-56
-63
-62
-54
-54
-56
-56
-62
-62
-54
-54
-62
-62
-54
-62
-55
-54
-56
-61
-54
-54
-56
-56
-62
-62
-62
-62
-56
-56
-62
-62
-54
-54
-56
-56
-62
-62
-56
-56
-56
-56
-62
-62
-54
-54
-62
-62
-62
-62
-54
-54
-62
-62
-54
-52
-52
-61
-61
-55
-55
-55
-55
-56
-56
-56
-56
-55
-55
-56
-56
-61
-61
-56
-56
-62
-62
-61
-61
-62
-62
-55
-55
-56
-56
-62
-62
-56
-56
-55
-55
-55
-55
-55
-55
-56
-56
-61
-61
-61
-61
-55
-55
-56
-56
-61
-61
-55
-55
-56
-56
-62
-61
-55
-55
-62
-55
-55
-55
-55
-62
-62
-55
-55
-55
-55
-55
-55
-62
-62
-55
-55
-56
-56
-56
-56
-56
-56
-63
-55
-57
-56
-62
-62
-55
-55
-57
-56
-55
-55
-57
-57
-56
-56
-63
-63
-55
-55
-56
-56
-55
-56
-56
-57
-55
-55
-57
-57
-63
-51
-63
-55
-55
-56
-56
-51
-63
-63
-54
-56
-57
-50
-50
-52
-52
-49
-49
-51
-51
-55
-55
-55
-55
-56
-54
-64
-64
-56
-56
-64
-64
-56
-56
-56
-55
-50
-50
-56
-64
-64
-62
-62
-55
-56
-57
-57
-52
-55
-55
-52
-56
-56
-55
-55
-56
-63
-61
-61
-55
-55
-55
-55
-55
-55
-60
-60
-55
-60
-60
-55
-55
-62
-62
-55
-55
-61
-61
-56
-56
-56
-60
-55
-55
-57
-57
-56
-56
-62
-62
-61
-61
-55
-55
-57
-57
-55
-55
-56
-56
-61
-61
-55
-55
-56
-56
-57
-57
-61
-61
-55
-55
-60
-60
-56
-56
-61
-61
-56
-56
-57
-57
-63
-63
-57
-57
-63
-55
-55
-57
-57
-55
-55
-57
-57
-49
-49
-55
-55
-57
-57
-51
-51
-49
-55
-55
-57
-57
-50
-64
-64
-51
-51
-55
-55
-53
-55
-55
-53
-63
-63
-52
-51
-55
-55
-57
-57
-55
-55
-49
-49
-54
-51
-57
-57
-53
-53
-55
-50
-55
-51
-51
-53
-53
-57
-57
127
-52
-61
-61
-55
-55
-51
-51
-51
-51
-49
-48
-62
-51
-62
-55
-55
-62
-62
-62
-55
-55
-50
-62
-62
-55
-57
-57
-62
-57
-57
-62
-62
