-52
-56
-56
-58
-58
-52
-52
-54
-54
-63
-63
-63
-63
-53
-53
-56
-59
-59
-52
-52
-69
-70
-63
-62
-52
-52
-74
-74
-60
-60
-60
-60
-52
-52
-75
-74
-61
-62
-52
-52
-69
-69
-61
-61
-52
-52
-61
-61
-67
-67
-56
-56
-63
-63
-60
-60
-52
-55
-55
-78
-77
-54
-54
-55
-55
-63
-63
-53
-53
-75
-75
-57
-56
-54
-55
-65
-65
-56
-56
-53
-53
-61
-61
-59
-59
-56
-56
-69
-69
-59
-59
-57
-57
-70
-70
-54
-54
-55
-55
-66
-66
-53
-53
-67
-68
-55
-56
-54
-54
-72
-72
-55
-55
-56
-56
-60
-60
-59
-59
-57
-57
-53
-53
-70
-70
-55
-55
-55
-54
-64
-55
-55
-64
-64
-55
-55
-54
-54
-70
-70
-55
-55
-54
-54
-72
-72
-55
-55
-57
-57
-55
-55
-72
-72
-57
-57
-55
-55
-70
-70
-55
-55
-54
-54
-54
-55
-71
-71
-56
-56
-55
-55
-69
-69
-56
-55
-66
-53
-65
-65
-52
-55
-55
-55
127
-69
-70
-55
-56
-52
-70
-70
-57
-55
-55
-52
-55
-55
-52
-52
-72
-72
-56
-56
-51
-51
-74
-74
-52
-52
-67
-67
-56
-56
-52
-52
-71
-66
-65
-55
-55
-54
-54
-66
-66
-55
-55
-53
-53
-70
-56
-53
-67
-55
-53
-56
-56
-53
-53
-71
-70
-56
-56
-69
-69
-56
-56
-72
-73
-55
-55
-53
-53
-67
-66
-55
-55
-67
-67
127
127
-56
-73
-51
-54
-56
-56
-72
-52
-58
-54
-70
-56
-55
-52
-71
-65
-58
-55
-56
-53
-52
-52
-63
-59
-54
-52
-70
-58
-55
-70
-55
-51
-55
-62
-71
-56
-56
-58
-52
-54
-71
-71
-63
-54
-71
-52
-58
-63
-54
-52
-58
-64
-64
-54
-71
-64
-52
-64
-56
-52
-65
-55
-54
-52
-56
-52
-63
-56
-59
-56
-52
-64
-56
-52
-63
-56
-52
-52
-53
-53
-65
-65
127
-56
-56
-58
-58
-52
-52
-64
-64
-69
-69
-56
-56
-52
-52
-53
-65
-65
-56
-56
-64
-64
-56
-70
-56
-52
-52
-57
-57
-53
-56
-56
-51
-51
-57
-57
-54
-54
-72
-72
-52
-51
-51
-52
-64
-64
-56
-56
-51
-52
-56
-56
-64
-56
-55
-63
-63
-56
-56
-52
-52
-64
-63
-51
-51
-63
-63
-56
-56
-57
-57
-55
-56
-51
-52
-73
-56
-56
-56
-56
-52
-52
-69
-63
-63
-55
-54
-54
-71
-71
-56
-56
-57
-57
-53
-53
-63
-63
-63
-63
-56
-56
-56
-56
-55
-63
-63
-71
-71
-55
-55
-57
-57
-51
-52
-54
-54
-63
-63
-70
-71
-57
-57
-63
-63
-63
-55
-63
-72
-72
-52
-52
-57
-57
-53
-53
-70
-70
-52
-52
-52
-56
-52
-63
-63
-56
-56
-69
-69
-63
-63
-53
-53
-52
-52
-71
-70
-64
-64
-57
-57
-54
-52
-52
-69
-70
-64
-64
-63
-63
-57
-57
-54
-54
-52
-52
-70
-70
-52
-63
-62
-59
-64
-64
-56
-56
-53
-53
-65
-65
-69
-68
-54
-54
-51
-51
-69
-70
-53
-53
-66
-66
-54
-54
-52
-52
-53
-53
-51
-51
-59
-53
-53
-49
-49
-60
-60
-53
-53
-61
-61
-53
-53
-49
-49
-62
-62
-53
-54
-48
-48
-60
-60
-53
-53
-49
-50
-52
-50
-50
-59
-56
-60
-60
-53
-53
-61
-60
-57
-57
-55
-55
-51
-51
-57
-54
-51
-51
-56
-56
-55
-55
-56
-56
-56
-56
-52
-52
-59
-59
-54
-54
-51
-51
-57
-57
-54
-57
-57
-55
-55
-50
-50
-55
-50
-50
-57
-57
-51
-55
-55
-52
-52
-57
-57
-55
-55
-52
-51
-54
-54
-50
-50
-57
-57
-50
-50
-57
-57
-54
-51
-51
-58
-58
-55
-55
-51
-58
-58
-55
-55
-55
-55
-52
-52
-59
-59
-51
-51
-58
-55
-55
-52
-52
-58
-58
-55
-55
-52
-57
-58
-54
-54
-51
-51
-51
-63
-63
-52
-52
-63
-63
-52
-51
-51
-52
-52
-62
-62
-52
-52
-51
-61
-61
-53
-53
-51
-51
-59
-58
-52
-52
-63
-53
-53
-62
-62
-52
-52
-62
-53
-53
-53
-53
-50
-50
-61
-61
-53
-53
-59
-59
-54
-54
-52
-52
-54
-52
-62
-62
-54
-54
-53
-51
-51
-61
-61
-54
-53
-53
-51
-55
-51
-59
-58
-52
-71
-57
-56
-52
-52
-56
-56
-58
-58
-54
-54
-57
-57
-51
-51
-53
-53
-63
-63
-52
-52
-51
-51
-63
-63
-53
-53
-52
-52
-56
-56
-61
-61
-55
-55
-52
-61
-61
-54
-54
-52
-52
-60
-59
-52
-52
-58
-58
-54
-54
-53
-53
-61
-61
-54
-54
-60
-60
-53
-53
-54
-54
-59
-53
-53
-60
-60
-54
-54
-54
-54
-59
-58
-55
-55
-59
-59
-54
-54
-53
-53
-53
-53
-59
-58
-54
-54
-55
-55
-59
-59
-55
-55
-52
-66
-65
-54
-54
-68
-68
-53
-53
-53
-53
-62
-62
-54
-54
-52
-52
-60
-60
-54
-54
-52
-52
-52
-52
-51
-51
127
-56
-51
-51
-67
-63
-63
-58
-58
-52
-52
-53
-51
-51
-61
-62
-52
-52
-61
-61
-53
-53
-52
-52
-52
-52
-59
-52
-52
-52
-51
-61
-61
-52
-52
-53
-53
-59
-58
-52
-52
-59
-59
-52
-52
-52
-52
-60
-52
-52
-59
-60
-52
-52
-52
-52
-61
-61
-56
-56
-52
-54
-67
-67
-55
-55
-53
-53
-66
-52
-51
-53
-53
-52
-52
-63
-63
-52
-52
-54
-54
-60
-60
-52
-52
-62
-62
-52
-53
-61
-61
-53
-53
-61
-61
-52
-52
-51
-51
-57
-57
-59
-59
-52
-53
-51
-51
-57
-53
-53
-52
-51
-58
-58
-53
-53
-59
-59
-53
-53
-51
-51
-59
-59
-54
-53
-60
-51
-51
-53
-71
-71
-51
-51
-54
-54
-53
-53
-73
-51
-51
-60
-60
-54
-54
-53
-53
-52
-52
-61
-61
-54
-61
-61
-57
-55
-55
-52
-52
-69
-69
-54
-54
-63
-52
-52
-51
-51
-62
-62
-55
-55
-65
-65
-67
-68
-53
-53
-54
-54
-68
-68
-54
-54
-53
-53
-68
-68
-54
-54
-53
-53
-54
-54
-61
-61
-54
-54
-67
-67
-53
-53
-68
-68
-54
-54
-54
-54
-54
-55
-54
-68
-68
-60
-60
-53
-53
-66
-67
-54
-54
-60
-60
-53
-53
-53
-68
-68
-54
-54
-53
-53
-54
-54
-52
-52
-71
-70
-54
-54
-65
-65
-52
-67
-52
-53
-68
-68
-54
-54
-53
-53
-56
-52
-56
-59
-69
-69
-56
-56
-54
-54
-58
-73
-58
-59
-54
-54
-58
-59
-60
-60
-54
-54
-52
-60
-60
-52
-52
-60
-60
-54
-54
-60
-60
-54
-54
-52
-52
-60
-60
-54
-51
-51
-61
-61
-54
-54
-54
-54
-58
-58
-54
-51
-51
-61
-61
127
-54
-54
-54
-53
-53
-61
-61
-53
-53
-53
-60
-60
-53
-53
-61
-61
-54
-53
-60
-60
-53
-53
-61
-61
-53
-53
-60
-53
-53
-52
-52
-60
-60
-55
-55
-52
-59
-52
-59
-59
-53
-53
-51
-57
-51
-60
-60
-63
-63
-66
-67
-57
-57
-54
-54
-52
-60
-60
-53
-53
-52
-52
-67
-59
-59
-53
-53
-53
-53
-64
-53
-53
-53
-58
-53
-53
-53
-59
-59
-67
-67
-52
-52
-53
-53
-65
-52
-52
-53
-53
-69
-69
-60
-60
-53
-53
-52
-52
-60
-60
-53
-53
-52
-52
-60
-60
-54
-54
-53
-53
-61
-61
-73
-72
-54
-54
-52
-52
-60
-59
-68
-68
-53
-53
-53
-54
-58
-52
-52
-53
-53
-53
-53
-53
-60
-60
-53
-53
-61
-60
-53
-53
-52
-52
-53
-53
-52
-52
-53
-53
-52
-52
-59
-59
-54
-54
-52
-52
-60
-59
-59
-59
-52
-53
-59
-59
-54
-54
-52
-52
-60
-59
-54
-54
-52
-52
-60
-59
-59
-59
-54
-54
-52
-52
-59
-59
-54
-54
-52
-52
-59
-59
-54
-54
-52
-52
-53
-53
-52
-52
-60
-60
-53
-53
-59
-53
-53
-52
-52
-52
-52
-60
-60
-52
-52
-52
-52
-60
-60
-53
-53
-60
-60
-52
-52
-60
-60
-53
-53
-52
-52
-60
-60
-54
-54
-60
-61
-53
-53
-52
-52
-60
-60
-53
-53
-52
-52
-60
-60
-53
-53
-52
-52
-53
-53
-52
-52
-60
-60
-53
-53
-52
-52
-54
-54
-52
-52
-54
-52
-52
