-83
-54
-54
-54
-54
-80
-79
-53
-53
-54
-54
-67
-67
-57
-57
-54
-54
-60
-61
-66
-66
-58
-58
-54
-54
-57
-71
-71
-57
-56
-56
-70
-71
-50
-50
-56
-56
-70
-57
-70
-55
-55
-55
-55
-57
-54
-56
-50
-50
-70
-54
-70
-70
-54
-56
-55
-55
-56
-56
-74
-55
-55
-57
-56
-74
-55
-55
-56
-56
-55
-55
-56
-56
-71
-71
-55
-55
-57
-57
-69
-69
-54
-54
-57
-56
-72
-72
-71
-69
-55
-54
-56
-56
-72
-72
-54
-54
-56
-57
-54
-54
-54
127
127
-51
-50
-54
-54
-54
-57
-56
-72
-72
-55
-55
-56
-56
-57
-72
-72
-56
-56
-72
-72
-54
-56
-56
-54
-54
-56
-56
-56
-56
-56
-56
-56
-56
-57
-50
-50
-56
-56
-56
-56
-57
-57
-70
-70
-54
-54
-56
-56
-54
-49
-54
-57
-57
-71
-70
127
127
-56
-56
-55
-55
-71
-71
-72
-56
-72
-55
-55
-50
-50
-57
-57
-56
-54
-54
-56
-56
-57
-57
-49
-71
-71
-56
-55
-56
-57
-56
-51
-51
-55
-55
-50
-50
-55
-55
-56
-55
-55
-57
-57
-69
-69
-49
-69
-69
-57
-58
-56
-56
-50
-50
-55
-55
-55
-57
-57
-55
-50
-50
-57
-56
-55
-69
-55
-56
-50
-50
-57
-54
-57
-69
-69
-56
-56
127
127
-57
-57
-56
-55
-68
-55
-69
-54
-49
-55
-69
-69
-55
-55
-55
-55
-57
-50
-50
-69
-55
-55
-55
-50
-50
-56
-56
-55
-54
-55
-55
-57
-57
-50
-69
-68
-55
-55
-57
-57
-57
-50
-50
-55
-55
-56
-57
-56
-50
-50
-56
-56
-57
-57
-55
-55
-57
-57
-67
-55
-55
-55
-55
-57
-57
-57
-57
-70
-70
-55
-54
-55
-55
-71
-70
-55
-55
-54
-54
-57
-57
-72
-71
-55
-55
-57
-57
-71
-55
-55
-57
-57
-69
-69
-57
-57
-70
-71
-55
-55
-57
-57
-71
-71
-55
-55
-55
-55
-57
-57
-70
-70
-55
-55
-57
-57
-71
-71
-55
-57
-57
-57
-57
-57
-72
-72
-54
-54
-59
-59
-54
-54
-74
-54
-54
-59
-59
-72
-72
-55
-55
-72
-72
-55
-55
-58
-58
-58
-58
-72
-72
-54
-55
-57
-57
-55
-55
-65
-65
-55
-55
-57
-56
-54
-54
-65
-65
-65
-64
-55
-55
-56
-56
-66
-66
-55
-55
-56
-64
-64
-54
-54
-66
-66
-54
-54
-56
-57
-66
-66
-54
-54
-75
-55
-55
-57
-57
-55
-55
-56
-74
-54
-54
-61
-61
-58
-58
-54
-54
-68
-68
-54
-60
-68
-54
-54
-66
-54
-54
-59
-59
-54
-57
-58
-54
-54
-57
-67
-67
-57
-66
-66
-66
-57
-57
-54
-54
-67
-67
-54
-54
-58
-58
-66
-54
-54
-58
-58
-71
-70
-54
-54
-60
-60
-73
-54
-54
-62
-72
-72
-54
-72
-72
-61
-54
-54
-61
-55
-55
-68
-69
-54
-54
-57
-70
-70
-54
-54
-55
-55
-62
-62
-57
-57
-55
-55
-61
-61
-70
-55
-55
-55
-49
-55
-62
-62
-55
-55
-68
-68
-54
-54
-61
-61
-69
-69
-55
-55
-61
-61
-72
-72
-54
-54
-71
-71
-54
-54
-56
-56
-66
-66
-55
-55
-56
-56
-56
-54
-54
-56
-56
-65
-54
-54
-56
-56
-65
-65
-54
-54
-56
-56
-65
-65
-57
-57
-65
-64
-54
-54
-65
-65
-54
-54
-56
-65
-54
-55
-55
-58
-58
-66
-67
-55
-55
-65
-64
-50
-65
-65
-54
-57
-57
-55
-55
-50
-50
-54
-54
-54
-54
-54
-54
-57
-56
-54
-54
-65
-64
-48
-54
-54
-54
-54
-54
-54
-50
-50
-57
-57
-68
-68
-56
-56
-55
-55
-57
-68
-68
-50
-50
-57
-67
-67
-55
-55
-66
-65
-54
-56
-56
-67
-66
-54
-54
-54
-54
-56
-67
-67
-55
-55
-59
-58
-72
-72
-55
-55
-55
-55
-55
-55
-58
-58
-68
-68
-55
-55
-60
-54
-54
-59
-59
-70
-70
-55
-55
-60
-59
-74
-74
-73
-72
-60
-60
-72
-72
-54
-54
-59
-59
-71
-71
-55
-55
-55
-55
-55
-55
-60
-60
-74
-74
-55
-55
-55
-55
-61
-61
-55
-55
-61
-61
-73
-73
-55
-55
-74
-74
-55
-55
-60
-60
-55
-55
-69
-56
-56
-60
-69
-69
-58
-58
-72
-73
-55
-55
-71
-59
-60
-73
-71
-71
-55
-55
-69
-68
-55
-55
-54
-54
-58
-58
-59
-59
-56
-49
-72
-72
-54
-54
-58
-58
-75
-75
-50
-51
-54
-54
-57
-56
-56
-49
-54
-54
-55
-55
-50
-50
-58
-58
-56
-56
-56
-56
-54
-49
-54
-59
-59
-57
127
-77
-55
-77
-54
-49
-54
-78
-54
-54
-59
-59
-54
-54
-58
-54
-54
-54
-54
-58
-58
-76
-54
-77
-77
-54
-54
-59
-59
-54
-54
-58
-59
-54
-54
-60
-60
-75
-75
-54
-54
-60
-60
-60
-60
-54
-54
-59
-77
-77
-54
-54
-60
-60
-54
-54
-54
-54
-60
-60
-54
-54
-60
-60
-72
-72
-54
-54
-72
-72
-54
-54
-59
-59
-75
-75
-54
-54
-76
-76
-54
-54
-59
-58
-54
-54
-58
-74
-54
-54
-58
-58
-75
-76
-55
-55
-59
-59
-73
-75
-55
-55
-63
-64
-71
-55
-55
-57
-57
-63
-63
-54
-54
-63
-63
-56
-57
-54
-54
-57
-57
-64
-54
-54
-57
-57
-54
-54
-56
-57
-63
-63
-57
-64
-63
-57
-57
-55
-54
-57
-57
-63
-63
-54
-54
-56
-56
-63
-63
-56
-56
-64
-64
-54
-54
-57
-57
-64
-64
-54
-54
-56
-57
-63
-63
-54
-54
-63
-63
-54
-54
-56
-56
-64
-64
-54
-55
-56
-56
-64
-64
-54
-54
-57
-54
-54
-56
-56
-63
-63
-54
-54
-58
-56
-64
-56
-56
-56
-56
-63
-63
-54
-54
-56
-56
-63
-63
-54
-54
-56
-56
-63
-63
127
127
-54
-56
-63
-54
-63
-54
-54
-55
-54
-52
-55
-55
-55
-54
-54
-54
-57
-57
-49
-64
-64
-54
-54
-54
-54
-56
-56
-64
-63
-63
-63
-52
-54
-54
-55
-55
-57
-57
-51
-51
-55
-55
-53
-54
-56
-56
-63
-63
-54
-54
-53
-56
-56
-56
-56
-64
-64
-54
-54
-56
-57
-51
-51
-56
-56
-56
-54
-54
-63
-63
-54
-54
-56
-64
-64
-54
-55
-56
-56
-64
-64
-55
-54
-54
-54
-54
-54
-55
-55
-61
-61
-54
-54
-60
-60
-56
-55
-54
-54
-65
-56
-56
-55
-66
-66
-56
-56
-60
-60
-54
-54
-63
-63
-51
-51
-56
-56
-63
-63
-60
-60
-57
-57
-61
-64
-64
-56
-56
-56
-56
-51
-63
-63
-52
-52
-58
127
127
-60
-59
-52
-56
-57
-59
-63
-63
-62
-57
-56
-60
-60
-62
-62
-60
-55
-60
-62
-62
-56
-56
-60
-57
-60
-65
-54
-65
-56
-56
-60
-60
-64
-64
-56
-56
-63
-60
-60
-63
-63
-56
-56
-56
-60
-60
-64
-56
-56
-60
-60
-65
-56
-56
-61
-61
-56
-56
-65
-64
-56
-56
-60
-61
-63
-63
-58
-58
-56
-56
-57
-56
-64
-64
-55
-55
-61
-60
-65
-65
-55
-55
-60
-60
-61
-65
-64
-55
-60
-65
-65
-55
-55
-60
-60
-55
-55
-54
-54
-61
-61
-66
-66
-54
-54
-58
-58
-67
-66
-55
-55
-58
-58
-55
-56
-58
-58
-67
-67
-55
-55
-58
-58
-55
-55
-57
-66
-66
-58
-58
-65
-65
-56
-56
-58
-58
-66
-65
-58
-57
-65
-65
-65
-65
-55
-55
-58
-58
-65
-65
-56
-56
-58
-58
-65
-65
-56
-56
-58
-58
-65
-65
-56
-56
-58
-58
-65
-65
-65
-65
-63
-63
-57
-57
-67
-66
-58
-55
-55
-59
-59
-70
-69
-54
-54
-59
-59
-73
-73
-59
-54
-59
-69
-68
-55
-55
-60
-60
-54
-55
-59
-59
-70
-70
-54
-54
-55
-55
