-57
-57
-57
-58
-58
-58
-58
-58
-58
-58
-59
-59
-57
-57
-69
-69
-62
-62
-61
-61
-67
-59
-59
-74
-74
-63
-63
-62
-62
-66
-66
-65
-65
-62
-62
-65
-65
-66
-62
-62
-66
-66
-65
-65
-64
-64
-64
-64
-65
-65
-63
-64
-65
-65
-64
-64
-64
-64
-63
-63
-63
-63
-57
-57
-63
-63
-57
-64
-64
-52
-63
-63
-64
-59
-59
-62
-62
-64
-64
-63
-63
-63
-65
-64
-67
-67
-63
-62
-63
-63
-64
-67
-67
-66
-66
-63
-63
-65
-60
-60
-65
-65
-50
-50
-63
-62
-55
-70
-70
-59
-59
-51
-50
-62
-67
-59
-59
-63
-63
-64
-57
-57
-65
-66
-60
-60
-63
-63
-50
-50
-57
-57
-60
-63
-63
-66
-56
-57
-64
-64
-60
-60
-50
-68
-68
-57
-67
-67
-50
-64
-64
-57
-57
-64
-64
-58
-64
-64
-66
-66
-50
-62
-57
-57
-64
-64
-60
-60
-61
-62
-67
-62
-62
-67
-67
-62
-62
-64
-64
-68
-68
-62
-62
-62
-62
-63
-63
-68
-68
-61
-61
-63
-67
-67
-61
-61
-66
-66
-61
-61
-65
-65
-67
-67
-64
-64
-60
-60
-60
-60
-51
-51
-65
-67
-67
-61
-61
-61
-59
-58
-51
-51
-61
-62
-63
-63
-68
-65
-65
-64
-64
-70
-74
-65
-65
-71
-71
-60
-60
-75
-75
-65
-65
-64
-65
-62
-61
-71
-71
-73
-74
-59
-59
-78
-83
-83
-62
-62
-63
-59
-59
-75
-75
-59
-59
-71
-67
-67
-62
-62
-72
-71
-66
-66
-61
-62
-67
-67
-64
-64
-62
-62
-74
-75
-72
-71
-58
-58
-65
-65
-67
-67
-73
-72
-66
-61
-65
-64
-67
-67
-58
-58
-66
-66
-62
-60
127
-61
-60
-49
-49
-60
-60
-61
-60
-60
-60
-49
-62
-62
-67
-67
-64
-64
-60
-60
-70
-70
-63
-63
-70
-70
-63
-63
-59
-59
-69
-69
-63
-63
-59
-70
-71
-63
-63
-57
-57
-63
-64
-60
-60
-70
-70
-60
-60
-72
-72
-63
-63
-60
-59
-70
-70
-59
-70
-61
-70
-60
-61
-62
-62
-71
-71
-62
-62
-62
-62
-72
-72
-59
-60
-68
-68
-62
-62
-73
-60
-70
-60
-61
-61
-62
-61
-48
-48
-60
-60
-49
-49
-62
-62
-60
-60
-65
-65
-69
-69
-60
-60
-60
-60
-61
-61
-62
-62
-62
-62
-58
-58
-63
-63
-48
-70
-70
-49
-69
-58
-62
-62
-48
-48
-63
-63
-57
-57
-61
-61
-62
-70
-70
-63
-62
-62
-64
-64
-62
-62
-59
-64
-58
127
-71
-71
-62
-62
-62
-58
-69
-69
-62
-62
-61
-61
-62
-62
-71
-71
-62
-62
-70
-70
-62
-62
-64
-62
-62
-70
-70
-62
-62
-70
-70
-62
-62
-62
-62
-63
-65
-65
-66
-61
-61
-66
-60
-60
-62
-61
-67
-67
-59
-59
-64
-63
-65
-65
-59
-59
-63
-63
-65
-65
-66
-66
-66
-59
-59
-63
-63
-66
-66
-59
-59
-66
-66
-66
-66
-59
-59
-63
-64
-66
-66
-59
-59
-66
-66
-64
-64
-59
-59
-63
-63
-65
-65
-59
-59
-66
-66
-65
-65
-59
-59
-65
-65
-65
-59
-60
-66
-65
-59
-59
-65
-65
-65
-68
-59
-59
-67
-67
-64
-64
-67
-67
-59
-59
-67
-67
-59
-64
-63
-68
-60
-60
-65
-68
-59
-59
-63
-63
-59
-64
-64
-67
-67
-63
-68
-68
-59
-59
-59
-60
-66
-66
-57
-57
-60
-63
-60
-64
127
127
-60
-63
-63
-62
-62
-62
-65
-64
-59
-59
-63
-63
-64
-64
-58
-58
-66
-66
-59
-59
-63
-68
-68
-60
-60
-69
-69
-62
-62
-59
-59
-61
-61
-66
-66
-59
-59
-59
-59
-62
-62
-67
-67
-62
-61
-62
-62
-69
-68
-59
-59
-59
-59
-61
-61
-69
-69
-59
-58
-62
-62
-69
-69
-59
-59
-64
-68
-67
-58
-58
-64
-63
-64
-67
-67
-59
-59
-62
-66
-59
-59
-63
-64
-61
-61
-63
-63
-60
-63
-63
-60
-60
-69
-69
-69
-69
-60
-60
-75
-75
-60
-60
-65
-64
-60
-60
-65
-64
-74
-74
-60
-61
-65
-65
-73
-73
-61
-61
-61
-61
-60
-60
-63
-61
-61
-64
-64
-71
-72
-70
-61
-61
-66
-61
-61
-69
-69
-61
-61
-65
-65
-61
-61
-65
-67
-66
-61
-68
-68
-63
-63
-66
-60
-60
-59
-59
-64
-64
-67
-67
-62
-65
-65
-63
-63
-64
-64
-65
-65
-64
-64
-57
-58
-67
-68
-62
-62
-62
-62
-67
-60
-61
-50
127
127
-63
-63
-63
-63
-60
-61
-67
-67
-58
-58
-63
-63
-65
-65
-62
-62
-49
-66
-66
-63
-63
-63
-62
-62
-62
-66
-66
-64
-62
-61
-64
-64
-67
-67
-62
-63
-63
-60
-60
-62
-62
-62
-61
-61
-63
-63
-64
-63
-73
-73
-60
-64
-64
-62
-62
-68
-68
-73
-49
-49
-61
-61
-61
-61
-66
-67
-62
-62
-63
-66
-66
-76
-75
-62
-62
-67
-66
-72
-72
-61
-61
-74
-61
-61
-66
-74
-73
-77
-61
-61
-68
-80
-80
-61
-61
-67
-60
-60
-67
-67
-73
-72
-73
-73
-63
-63
-58
-58
-61
-61
-57
-57
-68
-68
-60
-60
-58
-58
-66
-66
-63
-63
-74
-75
-65
-65
-75
-75
-64
-63
-63
-74
-75
-64
-64
-67
-67
-67
-67
-65
-65
-73
-67
-68
-71
-70
-64
-64
-66
-66
-76
-76
-75
-66
-66
-66
-66
-67
-67
-73
-76
-75
-68
-69
-75
-75
-64
-64
-64
-67
-67
-76
-77
-62
-63
-61
-61
-70
-70
-68
-68
-66
-67
-72
-71
-62
-62
-65
-62
-62
-69
-76
-77
-62
-62
-77
-77
-62
-74
-74
-62
-62
-58
-59
-48
-67
-67
-79
-78
-66
-48
-67
-62
-62
-49
-49
-70
-65
-65
-65
-65
-67
-52
-68
-65
-50
