-66
-56
-56
-68
-68
-58
-58
-71
-71
-62
-62
-59
-59
-72
-72
-61
-59
-72
-72
-62
-62
-72
-72
-61
-59
-59
-62
-62
-66
-66
-61
-62
-61
-61
-55
-55
-65
-65
-61
-61
-56
-56
-66
-65
-67
-62
-56
-56
-66
-67
-55
-55
-62
-62
-66
-66
-60
-60
-66
-66
-61
-61
-54
-55
-56
-62
-62
-61
-61
-56
-55
-62
-66
-66
-61
-61
-55
-55
-66
-61
-61
-55
-66
-66
-66
-66
-61
-61
-55
-56
-62
-55
-55
-61
-61
-55
-55
-66
-66
-67
-67
-55
-55
-63
-62
-56
-56
-64
-64
-59
-60
-56
-56
-64
-65
-56
-56
-64
-55
-55
-62
-62
-57
-57
-55
-55
-65
-65
-63
-55
-55
-67
-65
-62
-61
-66
-66
-60
-60
-58
-58
-66
-66
-60
-60
-59
-61
-61
-58
-58
-64
-54
-62
-62
-58
-58
-64
-65
-61
-59
-59
-60
-60
-62
-62
-60
-64
-64
-62
-62
-60
-60
-68
-67
-61
-60
-59
-67
-67
-61
-61
-60
-60
-68
-68
-68
-69
-62
-62
-58
-58
-70
-70
-60
-60
-58
-58
-61
-61
-59
-59
-58
-58
-64
-64
-58
-58
-63
-63
-58
-66
-66
-58
-58
-61
-61
-61
-61
-61
-61
-60
-61
-61
-58
-58
-62
-62
-60
-60
-61
-61
-62
-62
-60
-60
-58
-58
-62
-62
-60
-60
-58
-58
-63
-62
-60
-60
-62
-58
-58
-61
-54
-64
-62
-60
-60
-57
-57
-62
-62
-60
-60
-58
-52
-58
-63
-63
-55
-55
-65
-59
-65
-62
-62
-58
-57
-65
-64
-58
-58
-58
-58
-62
-62
-58
-58
-58
-60
-60
-60
-62
-62
-60
-60
-61
-61
-60
-60
-60
-60
-64
-64
-59
-59
-61
-61
-58
-58
-63
-63
-61
-61
-62
-62
-60
-60
-58
-58
-64
-63
-61
-61
-64
-64
-60
-60
-58
-58
-63
-60
-60
-58
-58
-61
-61
-58
-58
-58
-58
-61
-61
-58
-58
-58
-58
-68
-68
-61
-60
-63
-63
-58
-58
-63
-63
-58
-58
-61
-61
-58
-58
-64
-63
-60
-60
-58
-58
-60
-64
-64
-58
-58
-63
-61
-61
-58
-58
-64
-60
-60
-58
-58
-62
-62
-61
-61
-62
-63
-62
-60
-60
-58
-64
-61
-61
-58
-58
-63
-63
-61
-59
-59
-61
-61
-61
-61
-57
-57
-61
-62
-58
-58
-56
-58
-58
-58
-58
-63
-63
-63
-63
-61
-56
-56
-61
-61
-61
-61
-56
-56
-60
-62
-62
-60
-60
-59
-59
-62
-62
-60
-60
-58
-58
-63
-63
-60
-60
-59
-59
-63
-63
-60
-60
-59
-59
-61
-61
-60
-60
-62
-62
-60
-60
-58
-58
-64
-64
-60
-60
-58
-58
-60
-60
-58
-58
-63
-60
-60
-56
-58
-63
-63
-60
-60
-58
-58
-63
-63
-60
-60
-63
-63
-60
-60
-60
-60
-62
-62
-60
-60
-58
-58
-60
-60
-63
-63
-56
-55
-62
-62
-60
-60
-58
-58
-61
-61
-58
-58
-63
-63
-63
-61
-61
-56
-63
-63
-63
-63
-58
-58
-63
-63
-58
-58
-63
-63
-62
-62
-63
-63
-58
-58
-63
-63
-61
-61
-58
-58
-61
-60
-61
-59
-54
-59
127
127
-60
-58
-60
-58
-58
-55
-62
-62
-65
-62
-65
-63
-63
-61
-62
-59
-59
-58
-58
-67
-67
-62
-62
-57
-57
-65
-65
-63
-63
-57
-57
-62
-62
-70
-59
-59
-68
-67
-62
-63
-59
-59
-62
-62
-62
-62
-56
-73
-73
-66
-62
-62
-69
-68
-62
-62
-63
-63
-58
-58
-69
-69
-58
-58
-69
-61
-61
-59
-69
-69
-62
-62
-58
-58
-69
-61
-54
-59
-58
-58
-58
-62
-62
-56
-55
-68
-61
-67
-63
-63
-56
-56
-62
-62
-61
-61
-61
-58
-55
-58
-67
-67
-62
-58
-58
-56
-56
-62
-62
-58
-59
-64
-64
-56
-63
-63
-69
-61
-61
-58
-59
-62
-62
-54
-61
-68
-68
-62
-68
-68
-56
-56
-58
-58
-58
-58
-68
-68
-58
-58
-63
-63
-62
-62
-58
-58
-58
-58
-69
-62
-62
-69
-69
-61
-61
-58
-58
-62
-62
-58
-58
-62
-62
-62
-62
-54
-58
-58
-62
-69
-69
-63
-63
-62
-62
-56
-56
-58
-58
-62
-69
-69
-63
-58
-58
-62
-74
-62
-62
-59
-58
-67
-67
-60
-60
-59
-65
-65
-62
-62
-62
-60
-65
-65
-60
-60
-60
-60
-65
-65
-61
-60
-60
-67
-66
-62
-62
-61
-60
-66
-66
-60
-60
-59
-61
-61
-62
-62
-61
-60
-59
-59
-56
-56
-64
-64
-60
-60
-69
-68
-68
-62
-62
-58
-58
-62
-62
-60
-60
-67
-62
-62
-61
-67
-68
-60
-60
-68
-68
-62
-62
-60
-60
-68
-68
-62
-59
-59
-62
-62
-62
-62
-60
-59
-62
-63
-59
-59
-67
-68
-62
-62
-59
-59
-67
-60
-60
-67
-67
-62
-62
-59
-59
-69
-69
-62
-62
-60
-60
-67
-67
-62
-62
-60
-60
-68
-62
-62
-60
-60
-68
-68
-62
-60
-60
-60
-60
-60
-67
-67
-60
-59
-67
-67
-62
-62
-54
-59
-59
-61
-67
-67
-62
-62
-55
-55
-60
-67
-67
-66
-60
-60
-67
-62
-62
-67
-67
-65
-64
-60
-60
-67
-67
-60
-56
-56
-67
-67
-61
-61
-65
-69
-60
-60
-67
-67
-63
-64
-62
-62
-78
-77
-60
-60
-60
-60
-62
-60
-59
-64
-64
-64
-64
-61
-60
-60
-56
-56
-59
-64
-64
-64
-64
-61
-60
-60
127
-58
-58
-65
-65
-61
-61
-59
-59
-56
-56
-64
-64
-61
-61
-60
-60
-59
-53
-59
-64
-64
-62
-66
-66
-59
-59
-62
-60
-60
-64
-64
-56
-56
-60
-60
-60
-67
-67
-60
-60
-65
-65
-55
-63
-62
-60
-65
-66
-61
-61
-66
-66
-62
-62
-58
-58
-63
-63
-61
-69
-69
-64
-64
-61
-61
-70
-63
-63
-61
-61
-71
-70
-71
-62
-62
-70
-69
-62
-62
-70
-70
-62
-62
-68
-68
-62
-62
-67
-67
-62
-63
-61
-61
-75
-75
-62
-62
-63
-60
-64
-55
-62
-64
-64
-54
-62
-62
-62
-62
-55
-60
-60
-61
-61
-61
-61
-67
-62
-62
-62
-62
-61
-60
-62
-62
-62
-53
-62
-62
-60
-62
-62
-67
-67
-53
-62
-62
-61
-61
-69
-69
-64
-62
-62
-53
-61
-62
-62
-63
-62
-61
-54
-59
-67
-62
-62
-62
-54
-54
-68
-68
-62
-62
-62
-63
-62
-62
-54
-54
-62
-62
-62
-62
-62
-62
-61
-62
-62
-62
-62
-62
-67
-67
-61
-61
-68
-68
-67
-67
-68
-68
-62
-62
-68
-69
-61
-61
-62
-62
-62
-62
-62
-63
-63
-61
-61
-69
-69
-62
-62
-62
-62
-67
-67
-62
-62
-62
-63
-63
-61
-66
-65
-63
-63
-62
-62
-62
-62
-62
-61
-61
-62
-62
-64
-64
-62
-62
-60
-58
-58
-63
-63
-67
-67
-63
-63
-59
-59
-67
-67
-62
-61
-66
-66
-61
-61
-61
-58
-59
-65
-65
-61
-61
-58
-58
-65
-65
-61
-61
-58
-58
-65
-65
-58
-58
-65
-61
-61
-58
-58
-54
-54
-65
-65
-62
-62
-58
-58
-54
-54
-65
-61
-61
-61
-61
-62
-62
-60
-60
-70
-67
-63
-67
-68
-60
-58
-58
-66
-66
-61
-61
-58
-58
-62
-61
-58
-58
-62
-62
-58
-58
-62
-62
-58
-58
-58
-58
-66
-66
-61
-62
-58
-64
-64
-61
-61
-58
-53
-57
-65
-65
-65
-65
-61
-61
-58
-58
-62
-62
-58
-58
-66
-66
-61
-62
-58
-58
-62
-62
-58
-58
-66
-66
-62
-62
-58
-58
-62
-62
-58
-58
-62
-62
-65
-65
-66
-65
-61
-61
-58
-58
-65
-61
-61
-58
-58
-61
-61
-61
-61
-58
-58
-54
-54
127
-59
-61
-61
-63
-63
-58
-54
-54
-65
-65
-61
-61
-63
-63
-58
-58
-54
-54
-58
-59
-65
-65
-61
-61
-58
-58
-65
-59
-58
-65
-66
-61
-61
