-67
-64
-63
-51
-51
-64
-64
-68
-68
-63
-63
-64
-64
-51
-51
-70
-70
-52
-52
-64
-64
-65
-65
-64
-64
-51
-63
-62
-64
-64
-51
-51
-66
-64
-64
-51
-51
-64
-64
-50
-50
-70
-70
-68
-68
-50
-50
-70
-70
-67
-67
-68
-68
-68
-50
-50
-67
-68
-68
-69
-69
-69
-69
-50
-50
-69
-69
-69
-69
-68
-67
-70
-70
-67
-67
-68
-68
-50
-50
-69
-69
-70
-70
-50
-50
-68
-68
-50
-50
-68
-68
-49
-49
-68
-68
-70
-70
-51
-51
-64
-64
-50
-50
-68
-68
-51
-50
-69
-69
-50
-50
-67
-69
-69
-50
-50
-69
-69
-68
-68
-70
-70
-50
-50
-68
-68
-50
-50
-68
-69
-68
-69
-70
-70
-68
-68
-71
-70
-67
-67
-50
-50
-64
-67
-67
-50
-50
-79
-78
-64
-64
-50
-50
-67
-73
-73
-73
-51
-51
-68
-68
-51
-51
-67
-67
-68
-67
-69
-69
-51
-51
-62
-62
-78
-79
-79
-68
-68
-69
-69
-51
-51
-64
-66
-66
-51
-51
-67
-67
-70
-71
-70
-59
-59
-52
-52
-64
-63
-60
-61
-50
-50
-65
-65
-64
-64
-51
-51
-65
-65
-53
-52
-68
-68
-69
-69
-69
-69
-52
-52
-68
-68
-52
-52
-69
-69
-68
-68
-51
-51
-67
-67
-65
-64
-51
-65
-68
-68
-66
-65
-51
-51
-63
-63
-67
-67
-67
-56
-56
-51
-51
-65
-65
-67
-67
-51
-51
-66
-65
-67
-67
-63
-67
-67
-53
-53
-73
-73
-70
-70
-69
-69
-52
-52
-64
-64
-70
-70
-79
-80
-83
-72
-72
-51
-51
-71
-71
-75
-75
-74
-74
-78
-78
-52
-52
-73
-73
-52
-52
-78
-52
-52
-69
-69
-52
-52
-72
-80
-80
-53
-53
-74
-74
-52
-52
-74
-74
-52
-53
-53
-73
-73
-76
-69
-53
-52
-53
-52
-74
-75
-52
-52
-76
-76
-76
-76
-52
-51
-70
-69
-79
-79
-52
-52
-67
-67
-68
-68
-53
-52
-69
-80
-80
-52
-52
-66
-67
-77
-68
-68
-68
-52
-80
-67
-78
-79
-52
-52
-68
-68
-80
-80
-78
-78
-53
-52
-78
-78
-52
-52
-70
-70
-73
-73
-72
-70
-70
-69
-69
-70
-70
-71
-71
-52
-52
-77
-77
-65
-65
-53
-53
-69
-73
-73
-73
-73
-52
-52
-79
-53
-53
-80
-81
-63
-63
-72
-72
-53
-53
-63
-63
-76
-76
-75
-75
-71
-69
-52
-52
-72
-72
-68
-68
-52
-52
-71
-69
-69
-52
-52
-71
-71
-52
-52
-68
-67
-76
-76
-51
-51
-72
-72
-67
-67
-73
-77
-71
-71
-52
-52
-51
-52
-51
-75
-75
-51
-52
-75
-75
-66
-72
-51
-52
-73
-51
-73
-72
-72
-51
-51
-73
-73
-72
-72
-51
-51
-52
-64
-51
-58
-51
-51
-52
-75
-72
-72
-59
-59
-67
-67
-74
-74
-52
-52
-52
-52
-77
127
-72
-67
-52
-52
-76
-76
-74
-74
-52
-52
-74
-74
-57
-57
-75
-74
-75
-52
-52
-69
-75
-75
-77
-69
-51
-52
-57
-57
-52
-65
-52
-73
-73
-66
-66
-66
-66
-73
-72
-57
-69
-69
-74
-74
127
-66
-67
-56
-56
-71
-71
-52
-52
-56
-56
-66
-66
-55
-52
-52
-64
-64
-58
-58
-68
-68
-53
-51
-66
-65
-78
-56
-72
-67
-72
-67
127
-52
-52
-76
-71
-53
-53
-74
-74
-69
-69
-52
-52
-77
-77
-52
-52
-80
-80
-55
-72
-67
-52
-52
-80
-54
-80
-62
-63
-52
-52
-52
-69
-52
-55
-55
-52
-52
-73
-73
-52
-52
-71
-52
-52
-76
-72
-72
-54
-52
-52
-63
-63
-75
-75
-64
-74
-74
-78
-78
-76
-76
-52
-74
-74
-74
-82
-52
-52
-72
-72
-74
-64
-64
-74
-75
-76
-54
-72
-72
-55
-67
-68
-68
-74
-74
-52
-52
-71
-67
-67
-75
-84
-52
-52
-55
-55
-52
-52
-77
-52
-52
-56
-70
-52
-51
-70
-70
-52
-51
-62
-63
-52
-52
-68
-68
-66
-66
-51
-65
-52
-52
-63
-63
-68
-68
-52
-53
-63
-63
-51
-52
-65
-65
-65
-65
-65
-65
-65
-65
-70
-70
-52
-52
-71
-70
-52
-52
-68
-68
-52
-52
-65
-65
-64
-64
-64
-64
-73
-54
-54
-52
-52
-63
-63
-63
-66
-66
-71
-71
-55
-63
-53
-53
-76
-52
-52
-75
-75
-52
-52
-53
-53
-70
-70
-71
-71
-51
-69
-70
-69
-69
-52
-52
-68
-68
-69
-69
-53
-53
-52
-52
-69
-68
-68
-68
-69
-69
-69
-70
-51
-51
-68
-74
-74
-52
-52
-77
-70
-69
-52
-52
-67
-51
-51
-51
-51
-68
-68
-51
-51
-65
-65
-51
-51
-65
-65
-76
-76
-51
-51
-65
-65
-51
-51
-66
-66
-51
-51
-68
-68
-75
-75
-51
-51
-51
-51
-66
-51
-51
-74
-75
-75
-51
-51
-74
-74
-64
-64
-51
-51
-67
-67
-74
-51
-66
-65
-73
-73
-51
-51
-83
-69
-69
-64
-63
-68
-68
-51
-51
-66
-65
-51
-51
-62
-63
-63
-68
-68
-51
-51
-62
-62
-66
-66
-63
-63
-51
-50
-65
-65
-68
-68
-51
-51
-66
-66
-66
-66
-51
-51
-51
-65
-66
-52
-52
-68
-68
-51
-51
-63
-63
-68
-68
-63
-63
-67
-51
-52
-64
-67
-67
-78
-79
-52
-52
-66
-66
-51
-52
-64
-68
-68
-67
-67
-56
-66
-66
-69
-70
-54
-54
-69
-67
-75
-69
-51
-51
-72
-72
-54
-54
-69
-69
-72
-71
-51
-51
-72
-73
-67
-67
-74
-74
-53
-53
-68
-68
-52
-52
-69
-52
-66
-66
-72
-72
-51
-51
-73
-72
-63
-63
-51
-51
127
127
-54
-53
-67
-64
-54
-54
-68
-51
-52
-51
-52
-54
-67
-67
-69
-68
-75
-75
-53
-51
-51
-55
-55
-52
-71
-65
-65
-54
-68
-68
-68
-51
-51
-76
-76
-66
-54
-66
-73
-73
-51
-51
-51
-70
-51
-54
-54
-69
-66
-64
-65
-69
-58
-58
-63
-53
-51
-51
-62
-65
-65
-56
-56
-69
-74
-52
-52
-64
-64
-51
-51
-64
-63
-51
-51
-52
-52
-63
-63
-51
-51
-63
-63
-52
-51
-51
-63
-63
-73
-73
-64
-63
-72
127
127
-62
-64
-64
-70
-70
-53
-51
-51
-77
-77
-51
-51
-72
-72
-51
-51
-65
-65
-80
-52
-52
-64
-64
-72
-72
-51
-52
-51
-51
-69
-69
-51
-51
-61
-78
-78
-52
-51
-63
-63
-51
-51
-51
-51
-63
-71
-71
-71
-63
-68
-68
-63
-71
-71
-71
-64
-63
-51
-51
-63
-63
-70
-70
-51
-51
-71
-70
-70
-51
-51
-63
-63
-51
-51
-64
-70
-70
