-62
-57
-66
-66
-55
-68
-62
-62
-76
-75
-61
-61
-75
-74
-55
-56
-72
-72
-60
-60
-78
-77
-58
-58
-67
-67
-56
-56
-60
-60
-73
-73
-60
-55
-72
-63
-71
-65
-60
-60
-72
-60
-60
-71
-56
-56
-60
-60
-56
-55
-60
-60
-70
-55
-55
-55
-55
-72
-55
-55
-59
-59
-60
-71
-71
-55
-55
-54
-59
-59
-55
-55
-60
-60
-72
-72
-66
-66
-56
-56
-59
-59
-61
-65
-65
-53
-66
-56
-56
-55
-56
-56
127
-74
-75
-57
-57
-62
-62
-62
-62
-66
-66
-71
-71
-55
-55
-59
-58
-72
-64
-56
-56
127
-59
-59
-70
-70
-65
-64
-55
-61
-75
-64
-55
-55
-55
-79
-78
-59
-60
-55
-55
-59
-59
-55
-55
-57
-55
-55
-54
-53
-73
-73
-65
-65
-60
-55
-55
-60
-60
-65
-80
-79
-54
-54
-60
-54
-53
-60
-59
-59
-66
-66
-80
-78
-54
-53
-60
-60
-79
-70
-55
-55
-55
-55
-55
-55
-61
-61
-84
-60
-60
-54
-73
-60
-60
-55
-60
-60
-60
-60
-55
-73
-59
-55
-55
-67
-67
-60
-78
-78
-59
-55
-55
127
-59
-66
-55
-60
-60
-76
-76
-55
-55
-60
-60
-60
-60
-67
-67
-55
-55
-54
-59
-55
-55
-55
-60
-60
-55
-55
-59
-59
-79
-60
-60
-54
-54
-81
-55
-55
-67
-67
-60
-60
-78
-59
-55
-55
-68
-68
-56
-77
-57
-57
-60
-60
-78
-80
-60
-60
-80
-80
-55
-55
-60
-60
-78
-79
-55
-55
-55
-55
-60
-89
-55
-60
-60
-60
-60
-55
-55
-60
-60
-84
-83
-55
-55
-60
-61
-74
-54
-60
-60
-54
-55
-60
-60
-76
-76
-55
-55
-60
-60
-55
-63
-63
-60
-60
-60
-60
-55
-60
-60
-55
-55
-54
-55
-64
-56
-56
-69
-69
-64
-64
-56
-56
-71
-71
-59
-59
-55
-55
-60
-60
-55
-55
-73
-73
-55
-55
-69
-69
-55
-55
-73
-73
-56
-60
-60
-60
-60
-57
-57
-61
-71
-71
-60
-60
-58
-57
-56
-56
-57
-57
-60
-61
-69
-59
-59
-55
-56
-73
-55
-60
-60
-55
-56
-55
-58
-59
-65
-65
-62
-63
-63
-63
-60
-60
-66
-66
-56
-56
-60
-60
-67
-68
-62
-62
-77
-78
-74
-75
-55
-55
-56
-56
-60
-60
-61
-61
-58
-58
-77
-76
-55
-55
-78
-60
-60
-54
-54
-58
-58
-77
-77
-55
-55
-56
-55
-60
-60
-63
-63
-65
-55
-64
-67
-67
-67
-55
-55
-55
-55
-55
-61
-62
-54
-62
-62
-70
-70
-60
-60
-62
-61
-81
-64
-64
-70
-70
-64
-64
-65
-65
-67
-67
-54
-54
-63
-63
-68
-68
-54
-54
-54
-54
-62
-74
-54
-54
-56
-56
-62
-62
-60
-68
-68
-57
-57
-66
-66
-62
-57
-72
-60
-60
-56
-58
-58
-72
-62
-62
-71
-71
-72
-72
-60
-60
-64
-56
-56
-56
-56
-62
-62
-74
-74
-56
-56
-60
-60
-79
-79
-56
-56
-60
-60
-56
-56
-61
-61
-56
-56
-82
-82
-60
-60
-56
-56
-61
-61
-79
-79
-61
-61
-56
-57
-80
-62
-61
-61
-61
-60
-60
-57
-57
-72
-73
-57
-57
-61
-61
-61
-57
-57
-60
-60
-77
-57
-61
-74
-74
-57
-57
-60
-60
-60
-60
-78
-57
-56
-61
-61
-72
-72
-57
-57
-60
-60
-76
-57
-72
-72
-57
-60
-60
-68
-68
-56
-57
-62
-62
-73
-74
-56
-56
-61
-61
-61
-61
-56
-56
-62
-62
-78
-78
-61
-61
-61
-57
-56
-57
-57
-62
-62
-83
-83
-56
-56
-62
-62
-80
-57
-57
-61
-61
-75
-76
-56
-56
-56
-59
-59
-71
-71
-72
-73
-57
-72
-72
-57
-57
-56
-56
-62
-62
-68
-68
-55
-55
-57
-57
-57
-56
-60
-60
-60
-60
-80
-57
-57
-57
-57
-59
-59
-57
-57
-59
-59
-57
-58
-59
-57
-57
-59
-59
-68
-68
-56
-56
-61
-61
-56
-56
-56
-56
-68
-68
-57
-57
-71
-71
-61
-61
-57
-57
-61
-61
-57
-56
-73
-73
-73
-72
-57
-57
-80
-56
-56
-62
-62
-78
-78
-57
-57
-57
-56
-62
-62
-81
-82
-60
-60
-56
-57
-60
-60
-56
-56
-60
-60
-72
-55
-55
-60
-60
-75
-75
-56
-56
-56
-56
-60
-60
-77
-60
-56
-56
-78
-55
-55
-78
-56
-56
-59
-57
-57
-59
-59
-60
-60
-56
-56
-82
-60
-60
-78
-77
-59
-59
-80
-80
-55
-73
-72
-62
-55
-55
-69
-55
-62
-62
-54
-54
-71
-56
-56
-54
-54
-66
-66
-66
-55
-54
-54
-56
-56
-61
-61
-61
-64
-64
-54
-54
-55
-68
-68
-65
-65
-55
-56
-56
-60
-60
-66
-53
-53
-60
-60
-68
-68
-53
-53
-61
-61
-66
-66
-60
-60
-60
-60
-60
-65
-65
-54
-60
-60
-64
-64
-60
-60
-63
-63
-65
-65
-54
-60
-60
-60
-60
-66
-66
-60
-60
-66
-66
-60
-60
-55
-55
-55
-55
-66
-55
-55
-62
-65
-65
-55
-55
-65
-65
-55
-55
-55
-55
-69
-69
-60
-60
-66
-66
-55
-55
-63
-63
-69
-69
-60
-56
-56
-57
-57
-82
-55
-55
-70
-70
-72
-73
-57
-56
-56
-56
-56
-66
-66
-58
-55
-55
-76
-76
-57
-57
-57
-57
127
-55
-55
-57
-56
-57
-58
-64
-64
-57
-54
-57
-56
-56
-57
-53
-57
-73
-65
-73
-56
-70
-65
-70
-56
-55
-55
-55
-67
-67
-59
-59
-57
-57
-67
-67
-53
-59
-59
-56
-56
-68
-55
-57
-56
-71
-71
-56
-56
-68
-50
-70
-70
-56
-56
-59
-59
-57
-57
-72
-72
-65
-65
-55
-55
-56
-56
-72
-72
-56
-55
-55
-65
-65
-54
-53
-57
-57
-58
-59
-54
-55
-54
-55
-70
-70
-65
-65
-56
-56
-60
-59
-64
-65
-57
-56
-66
-65
-55
-55
-58
-65
-64
-55
-59
-59
-63
-64
-62
-63
-59
-58
-62
-62
-55
-55
-55
-55
-63
-63
-54
-58
-58
-56
-57
-55
-58
-58
-64
-64
-63
-63
-55
-55
-58
-58
-63
-63
-55
-55
-58
-64
-64
-55
-63
-62
-55
-55
-58
-55
-55
-55
-55
-59
-58
-62
-62
-55
-55
-58
-55
-58
-64
-64
-57
-57
-59
-54
-59
-69
-69
-56
-56
-58
-58
-64
-64
-55
-55
-58
-58
-55
-55
-59
-59
-65
-55
-55
-58
-59
-59
-59
-56
-56
-58
-58
-56
-58
-59
-69
-56
-56
-61
-55
-55
-65
-65
-55
-55
-65
-56
-55
-56
-55
-73
-73
-61
-61
-62
-62
-55
-55
-59
-59
-59
-59
-67
-68
-58
-58
-55
-55
-56
-59
-59
-68
-68
-55
-55
-60
-57
-54
-54
-60
-60
-65
-59
-60
