-61
-61
-67
-67
-76
-66
-66
-61
-72
-72
-66
-66
-61
-61
-70
-70
-62
-62
-69
-69
-69
-69
-63
-63
-70
-70
-64
-73
-70
-70
-73
-73
-68
-68
-63
-63
-69
-69
-67
-67
-64
-65
-73
-73
-59
-59
-64
-68
-68
-61
-73
-75
-61
-72
-71
-71
-58
-58
-62
-62
127
127
-68
-63
-63
-63
-57
-58
-71
-71
-62
-62
-63
-63
-69
-69
-70
-70
-64
-62
-62
-69
-69
-71
-71
-63
-63
-63
-63
-71
-71
-70
-70
-71
-70
-65
-65
-63
-70
-70
-70
-69
-69
-65
-65
-64
-64
-58
-59
-64
-64
-67
-67
-63
-63
-63
-63
-55
-56
-63
-63
-55
-55
-64
-64
-63
-63
-55
-55
-57
-57
-65
-65
-66
-66
-65
-65
-60
-63
-63
-70
-70
-65
-65
-56
-68
-68
-56
-56
-69
-56
-56
-67
-67
-56
-56
-68
-68
-69
-69
-57
-57
-68
-68
-61
-57
-57
-68
-68
-57
-57
-57
-57
-69
-69
-66
-66
-68
-68
-67
-67
-62
-62
-66
-66
-57
-57
-57
-57
-65
-65
-62
-62
-58
-58
-57
-57
-57
-57
-68
-69
-59
-64
-64
-63
-62
-66
-66
-62
-58
-65
-66
-61
-61
-60
-59
127
127
-69
-62
-66
-66
-61
-61
-58
-58
-67
-67
-57
-58
-66
-66
-58
-58
-60
-67
-67
-58
-58
-68
-68
-58
-58
-69
-69
-60
-65
-66
-66
-58
-58
-67
-67
-65
-65
-60
-68
-68
-68
-68
-60
-60
-57
-57
-67
-67
-67
-59
-57
-57
-71
-64
-71
-71
-59
-75
-74
-74
-74
-62
-62
-59
-59
-72
-72
-66
-67
-58
-59
-67
-67
-72
-72
-60
-60
-64
-64
-67
-67
-62
-62
-67
-68
-61
-61
-68
-68
-60
-60
-69
-69
-60
-60
-60
-60
-72
-70
-59
-63
-63
-66
-67
-64
-64
-70
-70
-68
-67
-67
-63
-63
-67
-67
-67
-62
-65
-66
-61
-61
-65
-65
-60
-60
-74
-74
-59
-59
-64
-64
-56
-70
-70
-65
-63
-63
-62
-62
-64
-65
-67
-67
-65
-65
-66
-66
-67
-69
-69
-69
-69
-59
-67
-61
-61
-62
-63
-60
-69
-69
-60
-61
-61
-60
-61
-60
-60
-60
-61
-63
-63
-63
-63
-61
-61
-64
-64
-63
-63
-63
-63
-62
-62
-63
-63
-62
-61
-66
-64
-64
-58
-58
-62
-62
-63
-62
-65
-65
-57
-57
-63
-63
-65
-64
-56
-57
-65
-65
-61
-64
-64
-56
-56
-57
-63
-63
-60
-60
-58
-58
-62
-62
-56
-56
-64
-64
-57
-57
-56
-56
127
127
-65
-60
-60
-68
-60
-60
-60
-60
-65
-65
-56
-56
-68
-68
-61
-61
-56
-56
-69
-69
-60
-60
-67
-67
-75
-74
-66
-66
-69
-68
-63
-62
-57
-57
-64
-64
-69
-69
-65
-65
-64
-64
-64
-67
-67
-58
-58
-68
-64
-57
-57
-65
-65
-57
-56
-56
-70
-71
-58
-58
-58
-58
-69
-68
-66
-66
-67
-67
-67
-67
-59
-58
-68
-68
-65
-65
-65
-65
-59
-59
-65
-64
-68
-68
-59
-59
-65
-58
-65
-66
-58
-67
-58
-58
-55
-65
-60
-65
-60
-60
-60
-58
-58
-59
-59
-61
-66
-66
-58
-58
-57
-66
-79
-78
-75
-75
-59
-59
-58
-58
-57
-58
-58
-70
-70
-75
-75
-61
-61
-63
-73
-73
-59
-58
-57
-60
-60
-67
-68
-59
-67
-67
-70
-70
-56
-57
-62
-62
-65
-66
-67
-67
-67
-67
-67
-57
-56
-63
-63
-56
-57
-65
-71
-71
-66
-57
-57
-67
-67
-58
-58
-67
-68
-68
-58
-68
-68
-65
-65
-59
-73
-74
-56
-56
-56
-56
-66
-65
-62
-74
-56
-56
-67
-67
-73
-73
-67
-62
-62
-74
-74
-67
-67
-74
-74
-57
-57
-69
-61
-56
-56
-67
-67
-72
-72
-70
-70
-57
-57
-63
-63
-56
-57
-65
-66
-66
-76
-56
-56
-65
-64
-78
-78
-67
-66
-75
-75
-57
-56
-71
-71
-57
-57
-68
-69
-56
-77
-77
-72
-72
-56
-72
-73
-57
-57
-63
-63
-67
-67
-71
-69
-71
-57
-56
-67
-68
-73
-57
-57
-73
-73
-58
-57
-77
-77
-58
-58
-78
-78
-60
-60
-75
-75
-57
-60
-77
-77
-77
-77
-68
-56
-56
-59
-71
-71
-77
-77
-67
-57
-57
-57
-69
-69
-75
-75
-59
-59
-72
-72
-74
-74
-57
-57
-67
-70
-69
-68
-71
-71
-57
-57
-67
-67
-72
-58
-58
-70
-70
-65
-65
-75
-75
-57
-57
-77
-77
-56
-56
-65
-65
-78
-78
-56
-56
-78
-78
-77
-77
-78
-78
-56
-55
-66
-66
-56
-56
-76
-76
-57
-57
-68
-68
-56
-56
-70
-70
-69
-69
-71
-70
-57
-66
-66
-75
-57
-57
-67
-67
-74
-74
-57
-57
-68
-68
-76
-76
-56
-56
-69
-69
-74
-74
-67
-66
-66
-57
-57
-71
-71
-70
-69
-56
-56
-69
-69
-56
-56
-74
-73
-73
-56
-56
-56
-56
-56
-56
-58
-68
-68
-69
-69
-70
-70
-57
-57
-66
-66
-57
-57
-56
-56
-63
-63
-80
-60
-60
-63
-63
-72
-72
-57
-58
-78
-74
-74
-71
-60
-60
-75
-57
-75
-57
-58
-57
-55
-60
127
-59
-59
-83
-83
-80
-79
-58
-82
-62
-58
-58
-56
-58
-58
-78
-78
-63
127
-59
-74
-74
-73
-62
-62
-63
-59
-59
-61
-61
-61
-61
-81
-61
-61
-73
-73
127
-59
-62
-62
-58
-80
-80
-61
-60
-71
-59
-59
-59
-72
-72
-60
-56
-56
-61
-61
-77
-77
-61
-61
-60
-60
-71
-71
-70
-69
-69
-57
-72
-72
-72
-57
-57
-57
-57
-74
-74
-58
-58
-75
-75
-71
-59
-70
-70
-65
-59
-60
-74
-74
-64
-64
-56
-56
-57
-63
-57
-57
-66
-58
-58
-66
-62
-58
-58
-59
-60
-70
-64
-61
-61
-58
-58
-60
-59
-61
-61
-57
-57
-69
-69
-70
-56
-73
-56
-73
-73
-77
-77
-56
-57
-78
-78
-56
-57
-56
-66
-66
-66
-66
-67
-67
-56
-65
-65
-70
-71
-57
-57
-69
-69
-66
-66
-68
-68
-56
-56
-67
-67
-63
-59
-67
-67
